<!DOCTYPE HTML>
<html>
  <head>
    <meta charset="UTF-8">
    <title>TOMTOM</title>
    <script>
      // @JSON_VAR data
      var data = {
        "program": "Tomtom",
        "version": "5.1.1",
        "release": "Wed Jan 29 15:00:42 2020 -0800",
        "cmd": [
          "tomtom", "-no-ssc", "-oc",
          "motif_data/all-br-peaks/all_br_peaks_1351_features_vs_all_br_peaks_1351_features.fasta/tomtom",
          "-min-overlap", "5", "-dist", "pearson", "-evalue", "-thresh", "10",
          "motif_data/all-br-peaks/all_br_peaks_1351_features_vs_all_br_peaks_1351_features.fasta/dreme.txt",
          "/pine/scr/s/n/snystrom/br-cut-n-run-all/Data/fly_factor_survey_id.meme"
        ],
        "options": {
          "strands": "both",
          "distance_measure": "pearson",
          "threshold_type": "evalue",
          "threshold_value": 10,
          "background_source": "--query--"
        },
        "alphabet": {
          "name": "DNA",
          "like": "dna",
          "ncore": 4,
          "symbols": [
            {
              "symbol": "A",
              "name": "Adenine",
              "colour": "CC0000",
              "complement": "T"
            }, {
              "symbol": "C",
              "name": "Cytosine",
              "colour": "0000CC",
              "complement": "G"
            }, {
              "symbol": "G",
              "name": "Guanine",
              "colour": "FFB300",
              "complement": "C"
            }, {
              "symbol": "T",
              "aliases": "U",
              "name": "Thymine",
              "colour": "008000",
              "complement": "A"
            }, {
              "symbol": "N",
              "aliases": "X.",
              "name": "Any base",
              "equals": "ACGT"
            }, {
              "symbol": "V",
              "name": "Not T",
              "equals": "ACG"
            }, {
              "symbol": "H",
              "name": "Not G",
              "equals": "ACT"
            }, {
              "symbol": "D",
              "name": "Not C",
              "equals": "AGT"
            }, {
              "symbol": "B",
              "name": "Not A",
              "equals": "CGT"
            }, {
              "symbol": "M",
              "name": "Amino",
              "equals": "AC"
            }, {
              "symbol": "R",
              "name": "Purine",
              "equals": "AG"
            }, {
              "symbol": "W",
              "name": "Weak",
              "equals": "AT"
            }, {
              "symbol": "S",
              "name": "Strong",
              "equals": "CG"
            }, {
              "symbol": "Y",
              "name": "Pyrimidine",
              "equals": "CT"
            }, {
              "symbol": "K",
              "name": "Keto",
              "equals": "GT"
            }
          ]
        },
        "background": [0.267, 0.233, 0.233, 0.267],
        "query_dbs": [
          {
            "source": "motif_data/all-br-peaks/all_br_peaks_1351_features_vs_all_br_peaks_1351_features.fasta/dreme.txt",
            "name": "dreme.txt",
            "loaded": 10,
            "excluded": 0,
            "last_modified": "Tue Mar 10 14:11:06 2020"
          }
        ],
        "target_dbs": [
          {
            "source": "/pine/scr/s/n/snystrom/br-cut-n-run-all/Data/fly_factor_survey_id.meme",
            "name": "fly_factor_survey_id",
            "loaded": 608,
            "excluded": 48,
            "last_modified": "Wed Feb 19 10:45:17 2020"
          }
        ],
        "queries": [
          {
            "db": 0,
            "id": "AAADTKG",
            "alt": "DREME-8",
            "len": 7,
            "nsites": 415,
            "evalue": "6.1e-012",
            "pwm": [
              [0.999823, 5.61311e-05, 5.61311e-05, 6.43218e-05], 
              [0.999823, 5.61311e-05, 5.61311e-05, 6.43218e-05], 
              [0.999823, 5.61311e-05, 5.61311e-05, 6.43218e-05], 
              [0.392741, 5.61311e-05, 0.306006, 0.301197], 
              [6.43218e-05, 5.61311e-05, 5.61311e-05, 0.999823], 
              [6.43218e-05, 5.61311e-05, 0.436096, 0.563783], 
              [6.43218e-05, 5.61311e-05, 0.999815, 6.43218e-05]
            ]
          }, {
            "db": 0,
            "id": "AAAHRAAA",
            "alt": "DREME-6",
            "len": 8,
            "nsites": 406,
            "evalue": "4.5e-024",
            "pwm": [
              [0.99982, 5.7375e-05, 5.7375e-05, 6.57473e-05], 
              [0.99982, 5.7375e-05, 5.7375e-05, 6.57473e-05], 
              [0.99982, 5.7375e-05, 5.7375e-05, 6.57473e-05], 
              [0.455619, 0.214291, 5.7375e-05, 0.330033], 
              [0.600903, 5.7375e-05, 0.398974, 6.57473e-05], 
              [0.99982, 5.7375e-05, 5.7375e-05, 6.57473e-05], 
              [0.99982, 5.7375e-05, 5.7375e-05, 6.57473e-05], 
              [0.99982, 5.7375e-05, 5.7375e-05, 6.57473e-05]
            ]
          }, {
            "db": 0,
            "id": "AGWGMGAG",
            "alt": "DREME-4",
            "len": 8,
            "nsites": 349,
            "evalue": "5.6e-036",
            "pwm": [
              [0.99979, 6.67431e-05, 6.67431e-05, 7.64824e-05], 
              [7.64824e-05, 6.67431e-05, 0.99978, 7.64824e-05], 
              [0.830784, 6.67431e-05, 6.67431e-05, 0.169082], 
              [7.64824e-05, 6.67431e-05, 0.99978, 7.64824e-05], 
              [0.70761, 0.292247, 6.67431e-05, 7.64824e-05], 
              [7.64824e-05, 6.67431e-05, 0.99978, 7.64824e-05], 
              [0.99979, 6.67431e-05, 6.67431e-05, 7.64824e-05], 
              [7.64824e-05, 6.67431e-05, 0.99978, 7.64824e-05]
            ]
          }, {
            "db": 0,
            "id": "CACACRCA",
            "alt": "DREME-2",
            "len": 8,
            "nsites": 314,
            "evalue": "3.0e-042",
            "pwm": [
              [8.50048e-05, 0.999756, 7.41802e-05, 8.50048e-05], 
              [0.999767, 7.41802e-05, 7.41802e-05, 8.50048e-05], 
              [8.50048e-05, 0.999756, 7.41802e-05, 8.50048e-05], 
              [0.999767, 7.41802e-05, 7.41802e-05, 8.50048e-05], 
              [8.50048e-05, 0.999756, 7.41802e-05, 8.50048e-05], 
              [0.88197, 7.41802e-05, 0.117871, 8.50048e-05], 
              [8.50048e-05, 0.999756, 7.41802e-05, 8.50048e-05], 
              [0.999767, 7.41802e-05, 7.41802e-05, 8.50048e-05]
            ]
          }, {
            "db": 0,
            "id": "CASACA",
            "alt": "DREME-7",
            "len": 6,
            "nsites": 508,
            "evalue": "1.9e-012",
            "pwm": [
              [5.25487e-05, 0.999849, 4.58571e-05, 5.25487e-05], 
              [0.999856, 4.58571e-05, 4.58571e-05, 5.25487e-05], 
              [5.25487e-05, 0.590481, 0.409414, 5.25487e-05], 
              [0.999856, 4.58571e-05, 4.58571e-05, 5.25487e-05], 
              [5.25487e-05, 0.999849, 4.58571e-05, 5.25487e-05], 
              [0.999856, 4.58571e-05, 4.58571e-05, 5.25487e-05]
            ]
          }, {
            "db": 0,
            "id": "CTCTCTB",
            "alt": "DREME-9",
            "len": 7,
            "nsites": 265,
            "evalue": "9.9e-011",
            "pwm": [
              [0.000100717, 0.999711, 8.78914e-05, 0.000100717], 
              [0.000100717, 8.78914e-05, 8.78914e-05, 0.999724], 
              [0.000100717, 0.999711, 8.78914e-05, 0.000100717], 
              [0.000100717, 8.78914e-05, 8.78914e-05, 0.999724], 
              [0.000100717, 0.999711, 8.78914e-05, 0.000100717], 
              [0.000100717, 8.78914e-05, 8.78914e-05, 0.999724], 
              [0.000100717, 0.316949, 0.271683, 0.411267]
            ]
          }, {
            "db": 0,
            "id": "DGCARC",
            "alt": "DREME-1",
            "len": 6,
            "nsites": 1977,
            "evalue": "3.0e-066",
            "pwm": [
              [0.424878, 1.17849e-05, 0.307027, 0.268083], 
              [1.35046e-05, 1.17849e-05, 0.999961, 1.35046e-05], 
              [1.35046e-05, 0.999961, 1.17849e-05, 1.35046e-05], 
              [0.999963, 1.17849e-05, 1.17849e-05, 1.35046e-05], 
              [0.465847, 1.17849e-05, 0.534128, 1.35046e-05], 
              [1.35046e-05, 0.999961, 1.17849e-05, 1.35046e-05]
            ]
          }, {
            "db": 0,
            "id": "GCVAAM",
            "alt": "DREME-5",
            "len": 6,
            "nsites": 1262,
            "evalue": "1.6e-031",
            "pwm": [
              [2.11552e-05, 1.84613e-05, 0.999939, 2.11552e-05], 
              [2.11552e-05, 0.999939, 1.84613e-05, 2.11552e-05], 
              [0.345477, 0.342305, 0.312197, 2.11552e-05], 
              [0.999942, 1.84613e-05, 1.84613e-05, 2.11552e-05], 
              [0.999942, 1.84613e-05, 1.84613e-05, 2.11552e-05], 
              [0.588723, 0.411238, 1.84613e-05, 2.11552e-05]
            ]
          }, {
            "db": 0,
            "id": "MAAAAY",
            "alt": "DREME-10",
            "len": 6,
            "nsites": 970,
            "evalue": "2.1e-010",
            "pwm": [
              [0.607181, 0.392768, 2.40181e-05, 2.75229e-05], 
              [0.999924, 2.40181e-05, 2.40181e-05, 2.75229e-05], 
              [0.999924, 2.40181e-05, 2.40181e-05, 2.75229e-05], 
              [0.999924, 2.40181e-05, 2.40181e-05, 2.75229e-05], 
              [0.999924, 2.40181e-05, 2.40181e-05, 2.75229e-05], 
              [2.75229e-05, 0.48451, 2.40181e-05, 0.515438]
            ]
          }, {
            "db": 0,
            "id": "TTKTTGB",
            "alt": "DREME-3",
            "len": 7,
            "nsites": 946,
            "evalue": "3.6e-046",
            "pwm": [
              [2.82211e-05, 2.46274e-05, 2.46274e-05, 0.999923], 
              [2.82211e-05, 2.46274e-05, 2.46274e-05, 0.999923], 
              [2.82211e-05, 2.46274e-05, 0.3298, 0.670147], 
              [2.82211e-05, 2.46274e-05, 2.46274e-05, 0.999923], 
              [2.82211e-05, 2.46274e-05, 2.46274e-05, 0.999923], 
              [2.82211e-05, 2.46274e-05, 0.999919, 2.82211e-05], 
              [2.82211e-05, 0.208248, 0.310774, 0.48095]
            ]
          }
        ],
        "targets": [
          {
            "db": 0,
            "id": "Aef1_FlyReg",
            "alt": "FBgn0005694",
            "len": 8,
            "nsites": 3,
            "url": "http://pgfe.umassmed.edu/TFDBS/TFdetails.php?FlybaseID=FBgn0005694",
            "pwm": [
              [0.0086129, 0.975258, 0.00751613, 0.0086129], 
              [0.976355, 0.00751613, 0.00751613, 0.0086129], 
              [0.976355, 0.00751613, 0.00751613, 0.0086129], 
              [0.0086129, 0.975258, 0.00751613, 0.0086129], 
              [0.653775, 0.00751613, 0.00751613, 0.331193], 
              [0.976355, 0.00751613, 0.00751613, 0.0086129], 
              [0.0086129, 0.975258, 0.00751613, 0.0086129], 
              [0.653775, 0.00751613, 0.00751613, 0.331193]
            ]
          }, {
            "db": 0,
            "id": "Aef1_SANGER_5",
            "alt": "FBgn0005694_2",
            "len": 11,
            "nsites": 12,
            "url": "http://pgfe.umassmed.edu/TFDBS/TFdetails.php?FlybaseID=FBgn0005694",
            "pwm": [
              [0.498074, 0.167215, 0.332504, 0.00220661], 
              [0.00220661, 0.993661, 0.00192562, 0.00220661], 
              [0.993942, 0.00192562, 0.00192562, 0.00220661], 
              [0.993942, 0.00192562, 0.00192562, 0.00220661], 
              [0.00220661, 0.993661, 0.00192562, 0.00220661], 
              [0.993942, 0.00192562, 0.00192562, 0.00220661], 
              [0.993942, 0.00192562, 0.00192562, 0.00220661], 
              [0.00220661, 0.993661, 0.00192562, 0.00220661], 
              [0.993942, 0.00192562, 0.00192562, 0.00220661], 
              [0.746008, 0.24986, 0.00192562, 0.00220661], 
              [0.167496, 0.745727, 0.00192562, 0.0848509]
            ]
          }, {
            "db": 0,
            "id": "Aef1_SOLEXA",
            "alt": "FBgn0005694_3",
            "len": 15,
            "nsites": 104,
            "url": "http://pgfe.umassmed.edu/TFDBS/TFdetails.php?FlybaseID=FBgn0005694",
            "pwm": [
              [0.165147, 0.145715, 0.456096, 0.233043], 
              [0.0492294, 0.196113, 0.509538, 0.245119], 
              [0.173167, 0.0386489, 0.125104, 0.663081], 
              [0.0875515, 0.0293218, 0.0584199, 0.824707], 
              [0.00986225, 0.000223823, 0.835958, 0.153955], 
              [0.000256484, 0.000223823, 0.0194363, 0.980083], 
              [0.000256484, 0.000223823, 0.000223823, 0.999296], 
              [0.000256484, 0.000223823, 0.980051, 0.019469], 
              [0.000256484, 0.105891, 0.000223823, 0.893628], 
              [0.000256484, 0.000223823, 0.000223823, 0.999296], 
              [0.000256484, 0.000223823, 0.980051, 0.019469], 
              [0.000256484, 0.0573119, 0.123915, 0.818518], 
              [0.417331, 0.116617, 0.136015, 0.330036], 
              [0.336471, 0.0674672, 0.470925, 0.125136], 
              [0.0386815, 0.13471, 0.13471, 0.691899]
            ]
          }, {
            "db": 0,
            "id": "Ara_Cell",
            "alt": "FBgn0015904",
            "len": 8,
            "nsites": 34,
            "url": "http://pgfe.umassmed.edu/TFDBS/TFdetails.php?FlybaseID=FBgn0015904",
            "pwm": [
              [0.352689, 0.147311, 0.293939, 0.206061], 
              [0.469991, 0.205962, 0.176637, 0.147411], 
              [0.704595, 0.030009, 0.030009, 0.235387], 
              [0.41134, 0.000683285, 0.147311, 0.440665], 
              [0.67527, 0.000683285, 0.000683285, 0.323363], 
              [0.99785, 0.000683285, 0.000683285, 0.000782991], 
              [0.000782991, 0.997751, 0.000683285, 0.000782991], 
              [0.99785, 0.000683285, 0.000683285, 0.000782991]
            ]
          }, {
            "db": 0,
            "id": "Blimp-1_NAR",
            "alt": "FBgn0035625",
            "len": 12,
            "nsites": 12,
            "url": "http://pgfe.umassmed.edu/TFDBS/TFdetails.php?FlybaseID=FBgn0035625",
            "pwm": [
              [0.332785, 0.00192562, 0.663083, 0.00220661], 
              [0.911298, 0.00192562, 0.00192562, 0.0848509], 
              [0.828653, 0.0845699, 0.0845699, 0.00220661], 
              [0.993942, 0.00192562, 0.00192562, 0.00220661], 
              [0.0848509, 0.00192562, 0.911017, 0.00220661], 
              [0.00220661, 0.167215, 0.0845699, 0.746008], 
              [0.00220661, 0.00192562, 0.993661, 0.00220661], 
              [0.993942, 0.00192562, 0.00192562, 0.00220661], 
              [0.911298, 0.00192562, 0.0845699, 0.00220661], 
              [0.993942, 0.00192562, 0.00192562, 0.00220661], 
              [0.0848509, 0.00192562, 0.911017, 0.00220661], 
              [0.00220661, 0.24986, 0.00192562, 0.746008]
            ]
          }, {
            "db": 0,
            "id": "Blimp-1_SOLEXA",
            "alt": "FBgn0035625_3",
            "len": 17,
            "nsites": 1940,
            "url": "http://pgfe.umassmed.edu/TFDBS/TFdetails.php?FlybaseID=FBgn0035625",
            "pwm": [
              [0.396385, 0.182993, 0.2634, 0.157222], 
              [0.345357, 0.293296, 0.209279, 0.152068], 
              [0.284166, 0.289837, 0.126359, 0.299637], 
              [0.382665, 0.0428158, 0.519841, 0.0546779], 
              [0.680556, 0.153018, 0.0958341, 0.0705921], 
              [0.781416, 0.0639267, 0.0860896, 0.0685672], 
              [0.916462, 0.000526983, 0.0685655, 0.014446], 
              [0.0180448, 0.00980051, 0.960807, 0.0113472], 
              [0.033517, 0.165467, 0.0716573, 0.729357], 
              [0.033998, 1.20097e-05, 0.963917, 0.00207366], 
              [0.995328, 1.20097e-05, 0.00310185, 0.00155868], 
              [0.961284, 0.00362182, 0.0283755, 0.00671742], 
              [0.97316, 0.00568172, 0.0020739, 0.0190848], 
              [0.137636, 0.03867, 0.776776, 0.0469183], 
              [0.0402177, 0.265462, 0.0742352, 0.620085], 
              [0.290205, 0.194332, 0.270617, 0.244846], 
              [0.30345, 0.299327, 0.275629, 0.121594]
            ]
          }, {
            "db": 0,
            "id": "CG10904_SANGER_5",
            "alt": "FBgn0034945",
            "len": 13,
            "nsites": 16,
            "url": "http://pgfe.umassmed.edu/TFDBS/TFdetails.php?FlybaseID=FBgn0034945",
            "pwm": [
              [0.125882, 0.622565, 0.249894, 0.00165838], 
              [0.747, 0.00144721, 0.249894, 0.00165838], 
              [0.0637702, 0.00144721, 0.00144721, 0.933335], 
              [0.00165838, 0.00144721, 0.995236, 0.00165838], 
              [0.436441, 0.43623, 0.125671, 0.00165838], 
              [0.00165838, 0.00144721, 0.871012, 0.125882], 
              [0.995447, 0.00144721, 0.00144721, 0.00165838], 
              [0.00165838, 0.00144721, 0.871012, 0.125882], 
              [0.995447, 0.00144721, 0.00144721, 0.00165838], 
              [0.809112, 0.00144721, 0.00144721, 0.187994], 
              [0.498553, 0.43623, 0.063559, 0.00165838], 
              [0.436441, 0.187783, 0.00144721, 0.374329], 
              [0.436441, 0.00144721, 0.249894, 0.312217]
            ]
          }, {
            "db": 0,
            "id": "CG11504_SANGER_5",
            "alt": "FBgn0039733",
            "len": 9,
            "nsites": 20,
            "url": "http://pgfe.umassmed.edu/TFDBS/TFdetails.php?FlybaseID=FBgn0039733",
            "pwm": [
              [0.00132836, 0.697677, 0.0011592, 0.299836], 
              [0.548592, 0.249915, 0.0509104, 0.150582], 
              [0.00132836, 0.0509104, 0.946433, 0.00132836], 
              [0.0510796, 0.946433, 0.0011592, 0.00132836], 
              [0.996353, 0.0011592, 0.0011592, 0.00132836], 
              [0.946602, 0.0011592, 0.0011592, 0.0510796], 
              [0.0510796, 0.946433, 0.0011592, 0.00132836], 
              [0.996353, 0.0011592, 0.0011592, 0.00132836], 
              [0.100831, 0.200164, 0.0011592, 0.697846]
            ]
          }, {
            "db": 0,
            "id": "CG12029_SANGER_10",
            "alt": "FBgn0035454",
            "len": 11,
            "nsites": 20,
            "url": "http://pgfe.umassmed.edu/TFDBS/TFdetails.php?FlybaseID=FBgn0035454",
            "pwm": [
              [0.200333, 0.0509104, 0.548423, 0.200333], 
              [0.200333, 0.0011592, 0.150413, 0.648095], 
              [0.00132836, 0.0011592, 0.996184, 0.00132836], 
              [0.00132836, 0.0011592, 0.996184, 0.00132836], 
              [0.00132836, 0.0011592, 0.996184, 0.00132836], 
              [0.0510796, 0.100662, 0.0011592, 0.8471], 
              [0.00132836, 0.0011592, 0.996184, 0.00132836], 
              [0.00132836, 0.100662, 0.100662, 0.797348], 
              [0.00132836, 0.0011592, 0.996184, 0.00132836], 
              [0.00132836, 0.100662, 0.697677, 0.200333], 
              [0.00132836, 0.747428, 0.0011592, 0.250085]
            ]
          }, {
            "db": 0,
            "id": "CG12029_SOLEXA_5",
            "alt": "FBgn0035454_2",
            "len": 15,
            "nsites": 1045,
            "url": "http://pgfe.umassmed.edu/TFDBS/TFdetails.php?FlybaseID=FBgn0035454",
            "pwm": [
              [0.238666, 0.136047, 0.354403, 0.270883], 
              [0.255671, 0.151554, 0.388645, 0.20413], 
              [0.240709, 0.0176786, 0.188666, 0.552947], 
              [0.0557822, 0.00188112, 0.910716, 0.0316215], 
              [0.00838875, 0.00281003, 0.958109, 0.0306916], 
              [0.00931866, 2.22945e-05, 0.986917, 0.00374219], 
              [0.0901659, 0.220261, 2.22945e-05, 0.689551], 
              [0.00838875, 2.22945e-05, 0.983199, 0.00838875], 
              [0.0102476, 0.0409104, 0.101314, 0.847528], 
              [0.0111765, 2.22945e-05, 0.977624, 0.0111765], 
              [0.00838875, 0.0195374, 0.846595, 0.125479], 
              [0.0167529, 0.712779, 2.22945e-05, 0.270446], 
              [0.198892, 0.304826, 0.161717, 0.334566], 
              [0.156649, 0.265518, 0.316133, 0.261701], 
              [0.176777, 0.171723, 0.337364, 0.314136]
            ]
          }, {
            "db": 0,
            "id": "CG12155_SANGER_5",
            "alt": "FBgn0029957",
            "len": 12,
            "nsites": 14,
            "url": "http://pgfe.umassmed.edu/TFDBS/TFdetails.php?FlybaseID=FBgn0029957",
            "pwm": [
              [0.782035, 0.0725749, 0.0725749, 0.072816], 
              [0.782035, 0.00165248, 0.00165248, 0.21466], 
              [0.285581, 0.143496, 0.356263, 0.21466], 
              [0.143737, 0.498106, 0.0725749, 0.285581], 
              [0.994801, 0.00165248, 0.00165248, 0.00189362], 
              [0.711114, 0.00165248, 0.28534, 0.00189362], 
              [0.00189362, 0.99456, 0.00165248, 0.00189362], 
              [0.00189362, 0.00165248, 0.99456, 0.00189362], 
              [0.994801, 0.00165248, 0.00165248, 0.00189362], 
              [0.00189362, 0.00165248, 0.99456, 0.00189362], 
              [0.21466, 0.00165248, 0.00165248, 0.782035], 
              [0.782035, 0.0725749, 0.0725749, 0.072816]
            ]
          }, {
            "db": 0,
            "id": "CG13897_SANGER_5",
            "alt": "FBgn0035160",
            "len": 11,
            "nsites": 17,
            "url": "http://pgfe.umassmed.edu/TFDBS/TFdetails.php?FlybaseID=FBgn0035160",
            "pwm": [
              [0.293959, 0.235281, 0.00136257, 0.469397], 
              [0.11852, 0.469199, 0.41072, 0.0015614], 
              [0.469397, 0.00136257, 0.469199, 0.0600414], 
              [0.527877, 0.00136257, 0.41072, 0.0600414], 
              [0.0015614, 0.761597, 0.235281, 0.0015614], 
              [0.995713, 0.00136257, 0.00136257, 0.0015614], 
              [0.0015614, 0.00136257, 0.995515, 0.0015614], 
              [0.995713, 0.00136257, 0.00136257, 0.0015614], 
              [0.0015614, 0.995515, 0.00136257, 0.0015614], 
              [0.995713, 0.00136257, 0.00136257, 0.0015614], 
              [0.235479, 0.469199, 0.293761, 0.0015614]
            ]
          }, {
            "db": 0,
            "id": "CG14962_SANGER_5",
            "alt": "FBgn0035407",
            "len": 13,
            "nsites": 19,
            "url": "http://pgfe.umassmed.edu/TFDBS/TFdetails.php?FlybaseID=FBgn0035407",
            "pwm": [
              [0.420246, 0.367712, 0.210644, 0.00139791], 
              [0.996162, 0.0012199, 0.0012199, 0.00139791], 
              [0.62967, 0.105932, 0.0535763, 0.210822], 
              [0.315534, 0.105932, 0.52478, 0.0537543], 
              [0.263178, 0.0012199, 0.105932, 0.62967], 
              [0.00139791, 0.105932, 0.0012199, 0.89145], 
              [0.00139791, 0.105932, 0.891272, 0.00139791], 
              [0.943806, 0.0012199, 0.0535763, 0.00139791], 
              [0.89145, 0.0012199, 0.105932, 0.00139791], 
              [0.734382, 0.0012199, 0.105932, 0.158466], 
              [0.00139791, 0.995984, 0.0012199, 0.00139791], 
              [0.89145, 0.0012199, 0.105932, 0.00139791], 
              [0.00139791, 0.786561, 0.0535763, 0.158466]
            ]
          }, {
            "db": 0,
            "id": "CG14962_SOLEXA_5",
            "alt": "FBgn0035407_2",
            "len": 13,
            "nsites": 161,
            "url": "http://pgfe.umassmed.edu/TFDBS/TFdetails.php?FlybaseID=FBgn0035407",
            "pwm": [
              [0.465716, 0.229816, 0.17395, 0.13052], 
              [0.931264, 0.0187671, 0.000144631, 0.0498239], 
              [0.633312, 0.0684252, 0.118083, 0.180178], 
              [0.124313, 0.236023, 0.596048, 0.0436167], 
              [0.273288, 0.000144631, 0.0435956, 0.682972], 
              [0.000165736, 0.0311814, 0.000144631, 0.968508], 
              [0.000165736, 0.000144631, 0.980901, 0.0187882], 
              [0.962301, 0.000144631, 0.0249742, 0.01258], 
              [0.943679, 0.0560109, 0.000144631, 0.000165736], 
              [0.509167, 0.0498028, 0.279474, 0.161556], 
              [0.0622392, 0.925036, 0.000144631, 0.01258], 
              [0.906435, 0.00635178, 0.0622181, 0.0249953], 
              [0.0760676, 0.683264, 0.0886976, 0.15197]
            ]
          }, {
            "db": 0,
            "id": "CG16778_SANGER_5",
            "alt": "FBgn0003715",
            "len": 8,
            "nsites": 20,
            "url": "http://pgfe.umassmed.edu/TFDBS/TFdetails.php?FlybaseID=FBgn0003715",
            "pwm": [
              [0.00132836, 0.830346, 0.111717, 0.056608], 
              [0.943983, 0.0535294, 0.0011592, 0.00132836], 
              [0.00132836, 0.996184, 0.0011592, 0.00132836], 
              [0.996353, 0.0011592, 0.0011592, 0.00132836], 
              [0.00132836, 0.44892, 0.0011592, 0.548592], 
              [0.8471, 0.0011592, 0.150413, 0.00132836], 
              [0.00132836, 0.299667, 0.0011592, 0.697846], 
              [0.00132836, 0.0509104, 0.896682, 0.0510796]
            ]
          }, {
            "db": 0,
            "id": "CG2052_SANGER_2.5",
            "alt": "FBgn0039905",
            "len": 14,
            "nsites": 22,
            "url": "http://pgfe.umassmed.edu/TFDBS/TFdetails.php?FlybaseID=FBgn0039905",
            "pwm": [
              [0.589443, 0.18205, 0.227299, 0.00120814], 
              [0.544195, 0.136801, 0.18205, 0.136955], 
              [0.363199, 0.136801, 0.363045, 0.136955], 
              [0.453696, 0.227299, 0.272547, 0.0464575], 
              [0.0917058, 0.363045, 0.272547, 0.272701], 
              [0.0464575, 0.408294, 0.18205, 0.363199], 
              [0.906186, 0.0010543, 0.0915519, 0.00120814], 
              [0.996683, 0.0010543, 0.0010543, 0.00120814], 
              [0.996683, 0.0010543, 0.0010543, 0.00120814], 
              [0.996683, 0.0010543, 0.0010543, 0.00120814], 
              [0.996683, 0.0010543, 0.0010543, 0.00120814], 
              [0.996683, 0.0010543, 0.0010543, 0.00120814], 
              [0.996683, 0.0010543, 0.0010543, 0.00120814], 
              [0.182203, 0.0463036, 0.18205, 0.589443]
            ]
          }, {
            "db": 0,
            "id": "CG2052_SOLEXA_2.5",
            "alt": "FBgn0039905_2",
            "len": 15,
            "nsites": 897,
            "url": "http://pgfe.umassmed.edu/TFDBS/TFdetails.php?FlybaseID=FBgn0039905",
            "pwm": [
              [0.337058, 0.27883, 0.248598, 0.135513], 
              [0.336648, 0.322249, 0.190481, 0.150622], 
              [0.32229, 0.264897, 0.209716, 0.203098], 
              [0.315668, 0.278141, 0.203094, 0.203098], 
              [0.421617, 0.210819, 0.150119, 0.217445], 
              [0.493352, 0.0596223, 0.317872, 0.129154], 
              [0.960188, 2.59726e-05, 0.00995887, 0.0298274], 
              [0.995504, 2.59726e-05, 2.59726e-05, 0.00444427], 
              [0.999918, 2.59726e-05, 2.59726e-05, 2.97626e-05], 
              [0.991089, 2.59726e-05, 0.00885499, 2.97626e-05], 
              [0.999918, 2.59726e-05, 2.59726e-05, 2.97626e-05], 
              [0.986675, 0.00995887, 0.0033366, 2.97626e-05], 
              [0.449207, 0.0728659, 0.0331353, 0.444792], 
              [0.127936, 0.373733, 0.342591, 0.155741], 
              [0.292032, 0.384307, 0.154244, 0.169417]
            ]
          }, {
            "db": 0,
            "id": "CG3065_F1-3_SANGER_2.5",
            "alt": "FBgn0034946",
            "len": 11,
            "nsites": 21,
            "url": "http://pgfe.umassmed.edu/TFDBS/TFdetails.php?FlybaseID=FBgn0034946",
            "pwm": [
              [0.238232, 0.0484976, 0.712005, 0.0012654], 
              [0.096052, 0.0484976, 0.285464, 0.569986], 
              [0.0486587, 0.00110427, 0.948972, 0.0012654], 
              [0.0012654, 0.00110427, 0.996365, 0.0012654], 
              [0.0012654, 0.00110427, 0.996365, 0.0012654], 
              [0.0012654, 0.996365, 0.00110427, 0.0012654], 
              [0.0012654, 0.00110427, 0.996365, 0.0012654], 
              [0.0012654, 0.00110427, 0.0484976, 0.949133], 
              [0.0012654, 0.00110427, 0.996365, 0.0012654], 
              [0.0012654, 0.0484976, 0.854185, 0.096052], 
              [0.0012654, 0.648024, 0.00110427, 0.349607]
            ]
          }, {
            "db": 0,
            "id": "CG31670_SOLEXA_5",
            "alt": "FBgn0031375_2",
            "len": 15,
            "nsites": 325,
            "url": "http://pgfe.umassmed.edu/TFDBS/TFdetails.php?FlybaseID=FBgn0031375",
            "pwm": [
              [0.210349, 0.402162, 0.129183, 0.258306], 
              [0.434453, 0.30988, 0.146991, 0.108675], 
              [0.921721, 0.0090779, 0.0481049, 0.0210967], 
              [0.948739, 0.00307375, 0.0150821, 0.033105], 
              [0.816648, 0.00307375, 0.168188, 0.0120904], 
              [0.600498, 0.0090779, 0.0090779, 0.381346], 
              [0.00608628, 0.0090779, 0.975747, 0.00908836], 
              [0.762611, 0.132163, 0.0721215, 0.033105], 
              [0.123167, 0.0451028, 0.759598, 0.072132], 
              [0.0271008, 0.933718, 0.01208, 0.0271008], 
              [0.996772, 7.16703e-05, 0.00307375, 8.21285e-05], 
              [0.786627, 7.16703e-05, 0.105144, 0.108157], 
              [0.0691299, 0.621502, 0.00607582, 0.303292], 
              [0.212138, 0.448419, 0.215157, 0.124286], 
              [0.38904, 0.276438, 0.283261, 0.0512614]
            ]
          }, {
            "db": 0,
            "id": "CG3407_SOLEXA_2.5",
            "alt": "FBgn0031573_2",
            "len": 25,
            "nsites": 266,
            "url": "http://pgfe.umassmed.edu/TFDBS/TFdetails.php?FlybaseID=FBgn0031573",
            "pwm": [
              [0.445626, 0.123637, 0.138612, 0.292126], 
              [0.303357, 0.0749654, 8.75611e-05, 0.62159], 
              [0.000100338, 8.75611e-05, 0.977248, 0.0225639], 
              [0.000100338, 0.0188075, 0.0150629, 0.966029], 
              [0.0113321, 0.973505, 8.75611e-05, 0.0150757], 
              [0.999725, 8.75611e-05, 8.75611e-05, 0.000100338], 
              [0.992236, 8.75611e-05, 8.75611e-05, 0.00758852], 
              [0.0375393, 0.355759, 0.468077, 0.138625], 
              [0.273406, 0.393198, 0.0749654, 0.25843], 
              [0.232223, 0.366991, 0.295856, 0.10493], 
              [0.235967, 0.366991, 0.161076, 0.235967], 
              [0.333308, 0.258417, 0.1461, 0.262174], 
              [0.527992, 0.209747, 0.153588, 0.108674], 
              [0.460601, 0.209747, 0.194771, 0.134881], 
              [0.333308, 0.340783, 0.138612, 0.187296], 
              [0.337053, 0.2996, 0.168563, 0.194784], 
              [0.307101, 0.228466, 0.243442, 0.220991], 
              [0.25843, 0.250929, 0.254674, 0.235967], 
              [0.389467, 0.254674, 0.161076, 0.194784], 
              [0.310845, 0.31832, 0.209747, 0.161089], 
              [0.284637, 0.33704, 0.168563, 0.20976], 
              [0.288382, 0.247186, 0.247186, 0.217247], 
              [0.340796, 0.340783, 0.202259, 0.116162], 
              [0.366375, 0.347285, 0.206117, 0.0802232], 
              [0.371055, 0.22266, 0.214851, 0.191434]
            ]
          }, {
            "db": 0,
            "id": "CG3838_SANGER_5",
            "alt": "FBgn0032130",
            "len": 9,
            "nsites": 20,
            "url": "http://pgfe.umassmed.edu/TFDBS/TFdetails.php?FlybaseID=FBgn0032130",
            "pwm": [
              [0.896851, 0.0011592, 0.100662, 0.00132836], 
              [0.399338, 0.200164, 0.0509104, 0.349587], 
              [0.250085, 0.100662, 0.647925, 0.00132836], 
              [0.150582, 0.84693, 0.0011592, 0.00132836], 
              [0.747597, 0.0011592, 0.249915, 0.00132836], 
              [0.996353, 0.0011592, 0.0011592, 0.00132836], 
              [0.00132836, 0.996184, 0.0011592, 0.00132836], 
              [0.946602, 0.0011592, 0.0011592, 0.0510796], 
              [0.250085, 0.0509104, 0.0011592, 0.697846]
            ]
          }, {
            "db": 0,
            "id": "CG3919_SANGER_5",
            "alt": "FBgn0036423",
            "len": 15,
            "nsites": 20,
            "url": "http://pgfe.umassmed.edu/TFDBS/TFdetails.php?FlybaseID=FBgn0036423",
            "pwm": [
              [0.399338, 0.44892, 0.100662, 0.0510796], 
              [0.0510796, 0.44892, 0.399169, 0.100831], 
              [0.8471, 0.0011592, 0.0011592, 0.150582], 
              [0.44909, 0.299667, 0.0011592, 0.250085], 
              [0.0510796, 0.647925, 0.150413, 0.150582], 
              [0.200333, 0.299667, 0.349418, 0.150582], 
              [0.0510796, 0.100662, 0.0011592, 0.8471], 
              [0.0510796, 0.0011592, 0.946433, 0.00132836], 
              [0.00132836, 0.996184, 0.0011592, 0.00132836], 
              [0.747597, 0.0011592, 0.249915, 0.00132836], 
              [0.946602, 0.0011592, 0.0509104, 0.00132836], 
              [0.00132836, 0.996184, 0.0011592, 0.00132836], 
              [0.996353, 0.0011592, 0.0011592, 0.00132836], 
              [0.00132836, 0.577226, 0.0535294, 0.367916], 
              [0.0536985, 0.472487, 0.367747, 0.106068]
            ]
          }, {
            "db": 0,
            "id": "CG4360-F1-3_SOLEXA",
            "alt": "FBgn0038787_2",
            "len": 15,
            "nsites": 2426,
            "url": "http://pgfe.umassmed.edu/TFDBS/TFdetails.php?FlybaseID=FBgn0038787",
            "pwm": [
              [0.0601895, 0.174363, 0.500813, 0.264633], 
              [0.163648, 0.0568913, 0.17931, 0.600151], 
              [0.0540068, 0.00619235, 0.0560663, 0.883734], 
              [0.0049588, 0.00083457, 0.938115, 0.0560907], 
              [0.00207192, 0.00413143, 0.00083357, 0.992963], 
              [0.00124795, 0.00083357, 0.00165854, 0.99626], 
              [0.000422988, 0.000421587, 0.994198, 0.0049568], 
              [0.000422988, 0.0420529, 0.0024825, 0.955042], 
              [0.00948761, 0.00454142, 0.000421587, 0.985549], 
              [0.00619075, 0.00330547, 0.977307, 0.0131955], 
              [0.00537378, 0.0528124, 0.108503, 0.83331], 
              [0.370565, 0.138504, 0.134794, 0.356138], 
              [0.349956, 0.0840951, 0.46619, 0.0997599], 
              [0.100172, 0.157052, 0.194149, 0.548628], 
              [0.201486, 0.197364, 0.245158, 0.355991]
            ]
          }, {
            "db": 0,
            "id": "CG4360_F1-3_SANGER_2.5",
            "alt": "FBgn0038787",
            "len": 13,
            "nsites": 8,
            "url": "http://pgfe.umassmed.edu/TFDBS/TFdetails.php?FlybaseID=FBgn0038787",
            "pwm": [
              [0.62058, 0.373247, 0.00287654, 0.0032963], 
              [0.0032963, 0.990531, 0.00287654, 0.0032963], 
              [0.990951, 0.00287654, 0.00287654, 0.0032963], 
              [0.867494, 0.00287654, 0.126333, 0.0032963], 
              [0.0032963, 0.990531, 0.00287654, 0.0032963], 
              [0.990951, 0.00287654, 0.00287654, 0.0032963], 
              [0.990951, 0.00287654, 0.00287654, 0.0032963], 
              [0.126753, 0.867074, 0.00287654, 0.0032963], 
              [0.867494, 0.00287654, 0.00287654, 0.126753], 
              [0.867494, 0.00287654, 0.00287654, 0.126753], 
              [0.25021, 0.373247, 0.373247, 0.0032963], 
              [0.373667, 0.62016, 0.00287654, 0.0032963], 
              [0.0032963, 0.62016, 0.373247, 0.0032963]
            ]
          }, {
            "db": 0,
            "id": "CG4854_SANGER_10",
            "alt": "FBgn0038766",
            "len": 12,
            "nsites": 9,
            "url": "http://pgfe.umassmed.edu/TFDBS/TFdetails.php?FlybaseID=FBgn0038766",
            "pwm": [
              [0.00293406, 0.11245, 0.881681, 0.00293406], 
              [0.112824, 0.00256044, 0.22234, 0.662275], 
              [0.222714, 0.11245, 0.44212, 0.222714], 
              [0.00293406, 0.00256044, 0.771791, 0.222714], 
              [0.00293406, 0.00256044, 0.22234, 0.772165], 
              [0.00293406, 0.00256044, 0.00256044, 0.991945], 
              [0.00293406, 0.00256044, 0.881681, 0.112824], 
              [0.00293406, 0.00256044, 0.991571, 0.00293406], 
              [0.112824, 0.881681, 0.00256044, 0.00293406], 
              [0.882055, 0.00256044, 0.00256044, 0.112824], 
              [0.991945, 0.00256044, 0.00256044, 0.00293406], 
              [0.00293406, 0.771791, 0.00256044, 0.222714]
            ]
          }, {
            "db": 0,
            "id": "CG4854_SOLEXA_5",
            "alt": "FBgn0038766_2",
            "len": 25,
            "nsites": 382,
            "url": "http://pgfe.umassmed.edu/TFDBS/TFdetails.php?FlybaseID=FBgn0038766",
            "pwm": [
              [0.413631, 0.187062, 0.183466, 0.21584], 
              [0.139274, 0.303778, 0.196213, 0.360734], 
              [0.0867822, 0.252546, 0.42852, 0.232152], 
              [0.117386, 0.183686, 0.420869, 0.278058], 
              [0.36477, 0.13523, 0.392815, 0.107185], 
              [0.14544, 0.216841, 0.344359, 0.29336], 
              [0.109735, 0.163283, 0.334158, 0.392824], 
              [0.140339, 0.278049, 0.326507, 0.255105], 
              [0.29081, 0.272949, 0.249996, 0.186245], 
              [0.339267, 0.160733, 0.301002, 0.198998], 
              [0.14799, 0.0842229, 0.479527, 0.288259], 
              [0.0791312, 0.198989, 0.49993, 0.221951], 
              [0.0536269, 0.191338, 0.107176, 0.647859], 
              [0.336717, 0.0485173, 0.479527, 0.135238], 
              [0.0944332, 0.00771198, 0.864631, 0.0332242], 
              [0.0408752, 0.00261131, 0.0102623, 0.946251], 
              [0.0791312, 0.00516164, 0.023014, 0.892693], 
              [0.0740305, 6.09788e-05, 0.920738, 0.00517054], 
              [0.0357745, 0.0128126, 0.941142, 0.0102712], 
              [0.0536269, 0.867181, 6.09788e-05, 0.0791312], 
              [0.966654, 0.0179133, 0.00261131, 0.0128215], 
              [0.964104, 0.0128126, 0.0179133, 0.00517054], 
              [0.00517054, 0.816174, 0.00261131, 0.176044], 
              [0.377522, 0.061269, 0.336708, 0.224501], 
              [0.156185, 0.558474, 0.108141, 0.177201]
            ]
          }, {
            "db": 0,
            "id": "CG5953_SANGER_5",
            "alt": "FBgn0032587",
            "len": 8,
            "nsites": 16,
            "url": "http://pgfe.umassmed.edu/TFDBS/TFdetails.php?FlybaseID=FBgn0032587",
            "pwm": [
              [0.622776, 0.187783, 0.00144721, 0.187994], 
              [0.00165838, 0.995236, 0.00144721, 0.00165838], 
              [0.995447, 0.00144721, 0.00144721, 0.00165838], 
              [0.995447, 0.00144721, 0.00144721, 0.00165838], 
              [0.995447, 0.00144721, 0.00144721, 0.00165838], 
              [0.00165838, 0.995236, 0.00144721, 0.00165838], 
              [0.995447, 0.00144721, 0.00144721, 0.00165838], 
              [0.0637702, 0.312006, 0.00144721, 0.622776]
            ]
          }, {
            "db": 0,
            "id": "CG6276_SANGER_5",
            "alt": "FBgn0038316",
            "len": 13,
            "nsites": 16,
            "url": "http://pgfe.umassmed.edu/TFDBS/TFdetails.php?FlybaseID=FBgn0038316",
            "pwm": [
              [0.266669, 0.531468, 0.200205, 0.00165838], 
              [0.00165838, 0.808901, 0.00144721, 0.187994], 
              [0.871224, 0.00144721, 0.063559, 0.0637702], 
              [0.00165838, 0.063559, 0.00144721, 0.933335], 
              [0.498553, 0.312006, 0.00144721, 0.187994], 
              [0.933335, 0.00144721, 0.063559, 0.00165838], 
              [0.622776, 0.00144721, 0.063559, 0.312217], 
              [0.933335, 0.063559, 0.00144721, 0.00165838], 
              [0.00165838, 0.808901, 0.00144721, 0.187994], 
              [0.498553, 0.00144721, 0.187783, 0.312217], 
              [0.498553, 0.063559, 0.063559, 0.374329], 
              [0.730437, 0.133952, 0.133952, 0.00165838], 
              [0.664185, 0.200205, 0.133952, 0.00165838]
            ]
          }, {
            "db": 0,
