MEME version 5

ALPHABET= ACGT

strands: + -

Background letter frequencies
A 0.250000 C 0.250000 G 0.250000 T 0.250000

MOTIF ab_SANGER_10 ab
letter-probability matrix: alength= 4 w= 21 nsites= 20 E= 0
 0.000000  0.300000  0.400000  0.300000 
 0.500000  0.150000  0.050000  0.300000 
 0.200000  0.250000  0.500000  0.050000 
 0.350000  0.000000  0.650000  0.000000 
 0.000000  1.000000  0.000000  0.000000 
 0.000000  1.000000  0.000000  0.000000 
 1.000000  0.000000  0.000000  0.000000 
 0.000000  0.000000  1.000000  0.000000 
 0.000000  0.000000  1.000000  0.000000 
 0.550000  0.100000  0.000000  0.350000 
 0.350000  0.650000  0.000000  0.000000 
 0.050000  0.700000  0.050000  0.200000 
 0.200000  0.450000  0.050000  0.300000 
 0.450000  0.250000  0.150000  0.150000 
 0.200000  0.100000  0.050000  0.650000 
 0.100000  0.250000  0.200000  0.450000 
 0.400000  0.250000  0.050000  0.300000 
 0.400000  0.100000  0.150000  0.350000 
 0.250000  0.100000  0.550000  0.100000 
 0.500000  0.250000  0.150000  0.100000 
 0.300000  0.250000  0.450000  0.000000 

MOTIF ab_SOLEXA_5 ab
letter-probability matrix: alength= 4 w= 26 nsites= 446 E= 0
 0.286026  0.344978  0.176856  0.192140 
 0.288503  0.407809  0.199566  0.104121 
 0.242950  0.364425  0.190889  0.201735 
 0.195228  0.375271  0.229935  0.199566 
 0.321041  0.260304  0.114967  0.303688 
 0.221258  0.422993  0.262473  0.093275 
 0.412148  0.041215  0.449024  0.097614 
 0.002169  0.982646  0.000000  0.015184 
 0.000000  0.986985  0.000000  0.013015 
 0.973970  0.002169  0.000000  0.023861 
 0.000000  0.000000  0.989154  0.010846 
 0.000000  0.000000  0.997831  0.002169 
 0.648590  0.062907  0.017354  0.271150 
 0.281996  0.707158  0.004338  0.006508 
 0.054230  0.811280  0.034707  0.099783 
 0.117137  0.427332  0.086768  0.368764 
 0.373102  0.277657  0.151844  0.197397 
 0.305857  0.249458  0.078091  0.366594 
 0.225597  0.281996  0.151844  0.340564 
 0.312364  0.308026  0.130152  0.249458 
 0.340564  0.258134  0.221258  0.180043 
 0.362256  0.234273  0.247289  0.156182 
 0.466377  0.277657  0.162690  0.093275 
 0.425163  0.268980  0.180043  0.125813 
 0.436813  0.211538  0.181319  0.170330 
 0.474286  0.194286  0.142857  0.188571 

MOTIF Abd-A_FlyReg abd-A
letter-probability matrix: alength= 4 w= 8 nsites= 37 E= 0
 0.135135  0.054054  0.351351  0.459459 
 0.270270  0.405405  0.081081  0.243243 
 0.594595  0.405405  0.000000  0.000000 
 0.972973  0.000000  0.000000  0.027027 
 0.000000  0.000000  0.000000  1.000000 
 0.297297  0.054054  0.000000  0.648649 
 0.891892  0.027027  0.000000  0.081081 
 0.486486  0.054054  0.108108  0.351351 

MOTIF Abd-B_FlyReg Abd-B
letter-probability matrix: alength= 4 w= 8 nsites= 7 E= 0
 0.142857  0.285714  0.000000  0.571429 
 0.142857  0.714286  0.142857  0.000000 
 0.857143  0.000000  0.142857  0.000000 
 0.000000  0.000000  0.000000  1.000000 
 1.000000  0.000000  0.000000  0.000000 
 1.000000  0.000000  0.000000  0.000000 
 0.857143  0.000000  0.000000  0.142857 
 0.714286  0.000000  0.142857  0.142857 

MOTIF AbdA_Cell abd-A
letter-probability matrix: alength= 4 w= 7 nsites= 18 E= 0
 0.055556  0.166667  0.000000  0.777778 
 0.000000  0.000000  0.000000  1.000000 
 0.888889  0.000000  0.000000  0.111111 
 1.000000  0.000000  0.000000  0.000000 
 0.055556  0.000000  0.000000  0.944444 
 0.000000  0.000000  0.333333  0.666667 
 0.833333  0.055556  0.111111  0.000000 

MOTIF AbdA_SOLEXA abd-A
letter-probability matrix: alength= 4 w= 8 nsites= 662 E= 0
 0.208459  0.226586  0.214502  0.350453 
 0.132931  0.140483  0.070997  0.655589 
 0.015106  0.000000  0.016616  0.968278 
 0.812689  0.028701  0.010574  0.148036 
 0.983384  0.007553  0.009063  0.000000 
 0.007553  0.052870  0.027190  0.912387 
 0.063444  0.024169  0.456193  0.456193 
 0.669184  0.000000  0.312689  0.018127 

MOTIF AbdB_Cell Abd-B
letter-probability matrix: alength= 4 w= 9 nsites= 21 E= 0
 0.047619  0.238095  0.571429  0.142857 
 0.285714  0.047619  0.095238  0.571429 
 0.047619  0.000000  0.000000  0.952381 
 0.000000  0.000000  0.000000  1.000000 
 0.238095  0.000000  0.000000  0.761905 
 1.000000  0.000000  0.000000  0.000000 
 0.000000  0.142857  0.000000  0.857143 
 0.142857  0.000000  0.523810  0.333333 
 0.619048  0.000000  0.238095  0.142857 

MOTIF AbdB_SOLEXA Abd-B
letter-probability matrix: alength= 4 w= 8 nsites= 2704 E= 0
 0.228920  0.191938  0.201553  0.377589 
 0.127219  0.074334  0.093195  0.705251 
 0.022559  0.000000  0.000000  0.977441 
 0.415680  0.012204  0.014053  0.558062 
 1.000000  0.000000  0.000000  0.000000 
 0.020340  0.232988  0.026257  0.720414 
 0.166050  0.022929  0.481139  0.329882 
 0.556953  0.032544  0.312500  0.098003 

MOTIF ac_da_SANGER_5 ac
letter-probability matrix: alength= 4 w= 8 nsites= 19 E= 0
 0.526316  0.052632  0.368421  0.052632 
 0.000000  1.000000  0.000000  0.000000 
 1.000000  0.000000  0.000000  0.000000 
 0.000000  0.947368  0.052632  0.000000 
 0.000000  1.000000  0.000000  0.000000 
 0.000000  0.000000  0.000000  1.000000 
 0.000000  0.000000  1.000000  0.000000 
 0.000000  0.789474  0.000000  0.210526 

MOTIF Achi_Cell achi
letter-probability matrix: alength= 4 w= 7 nsites= 23 E= 0
 0.173913  0.130435  0.043478  0.652174 
 0.260870  0.173913  0.043478  0.521739 
 0.000000  0.000000  0.000000  1.000000 
 0.000000  0.000000  1.000000  0.000000 
 1.000000  0.000000  0.000000  0.000000 
 0.000000  0.956522  0.000000  0.043478 
 1.000000  0.000000  0.000000  0.000000 

MOTIF Achi_SOLEXA achi
letter-probability matrix: alength= 4 w= 6 nsites= 368 E= 0
 0.201087  0.201087  0.105978  0.491848 
 0.000000  0.000000  0.000000  1.000000 
 0.065217  0.000000  0.934783  0.000000 
 1.000000  0.000000  0.000000  0.000000 
 0.000000  1.000000  0.000000  0.000000 
 0.921196  0.000000  0.078804  0.000000 

MOTIF acj6_SOLEXA_5 acj6
letter-probability matrix: alength= 4 w= 21 nsites= 2950 E= 0
 0.177374  0.221020  0.315293  0.286313 
 0.169388  0.214626  0.299660  0.316327 
 0.132466  0.241241  0.325993  0.300300 
 0.124124  0.236904  0.340007  0.298966 
 0.116783  0.300300  0.244578  0.338338 
 0.238238  0.235569  0.285619  0.240574 
 0.092759  0.114781  0.141808  0.650651 
 0.043043  0.014681  0.842843  0.099433 
 0.467134  0.482816  0.031031  0.019019 
 0.889890  0.030364  0.017351  0.062396 
 0.014348  0.004338  0.010677  0.970637 
 0.413747  0.085419  0.158158  0.342676 
 0.303303  0.175175  0.153153  0.368368 
 0.194528  0.161161  0.171505  0.472806 
 0.161495  0.091425  0.116450  0.630631 
 0.487487  0.065065  0.199199  0.248248 
 0.774441  0.033033  0.100434  0.092092 
 0.120787  0.085752  0.207541  0.585919 
 0.139473  0.131798  0.419419  0.309309 
 0.337274  0.173157  0.302851  0.186718 
 0.183111  0.199052  0.431710  0.186127 

MOTIF Adf1_FlyReg Adf1
letter-probability matrix: alength= 4 w= 8 nsites= 7 E= 0
 0.142857  0.857143  0.000000  0.000000 
 0.000000  0.000000  1.000000  0.000000 
 0.714286  0.000000  0.285714  0.000000 
 0.000000  0.857143  0.000000  0.142857 
 0.000000  0.571429  0.000000  0.428571 
 0.000000  0.000000  1.000000  0.000000 
 0.000000  1.000000  0.000000  0.000000 
 0.285714  0.000000  0.714286  0.000000 

MOTIF Adf1_SANGER_5 Adf1
letter-probability matrix: alength= 4 w= 15 nsites= 11 E= 0
 0.090909  0.454545  0.000000  0.454545 
 0.636364  0.272727  0.090909  0.000000 
 0.181818  0.545455  0.181818  0.090909 
 0.363636  0.636364  0.000000  0.000000 
 0.272727  0.000000  0.727273  0.000000 
 0.000000  0.000000  0.909091  0.090909 
 0.000000  1.000000  0.000000  0.000000 
 1.000000  0.000000  0.000000  0.000000 
 0.000000  0.090909  0.909091  0.000000 
 0.727273  0.090909  0.181818  0.000000 
 0.000000  0.000000  1.000000  0.000000 
 0.636364  0.272727  0.090909  0.000000 
 0.363636  0.363636  0.000000  0.272727 
 0.454545  0.181818  0.272727  0.090909 
 0.636364  0.363636  0.000000  0.000000 

MOTIF Aef1_FlyReg Aef1
letter-probability matrix: alength= 4 w= 8 nsites= 3 E= 0
 0.000000  1.000000  0.000000  0.000000 
 1.000000  0.000000  0.000000  0.000000 
 1.000000  0.000000  0.000000  0.000000 
 0.000000  1.000000  0.000000  0.000000 
 0.666667  0.000000  0.000000  0.333333 
 1.000000  0.000000  0.000000  0.000000 
 0.000000  1.000000  0.000000  0.000000 
 0.666667  0.000000  0.000000  0.333333 

MOTIF Aef1_SANGER_5 Aef1
letter-probability matrix: alength= 4 w= 11 nsites= 12 E= 0
 0.500000  0.166667  0.333333  0.000000 
 0.000000  1.000000  0.000000  0.000000 
 1.000000  0.000000  0.000000  0.000000 
 1.000000  0.000000  0.000000  0.000000 
 0.000000  1.000000  0.000000  0.000000 
 1.000000  0.000000  0.000000  0.000000 
 1.000000  0.000000  0.000000  0.000000 
 0.000000  1.000000  0.000000  0.000000 
 1.000000  0.000000  0.000000  0.000000 
 0.750000  0.250000  0.000000  0.000000 
 0.166667  0.750000  0.000000  0.083333 

MOTIF Al_Cell al
letter-probability matrix: alength= 4 w= 7 nsites= 20 E= 0
 0.000000  0.000000  0.000000  1.000000 
 1.000000  0.000000  0.000000  0.000000 
 1.000000  0.000000  0.000000  0.000000 
 0.000000  0.000000  0.000000  1.000000 
 0.000000  0.000000  0.000000  1.000000 
 0.850000  0.000000  0.150000  0.000000 
 0.900000  0.000000  0.100000  0.000000 

MOTIF Al_SOLEXA al
letter-probability matrix: alength= 4 w= 9 nsites= 400 E= 0
 0.189655  0.351724  0.148276  0.310345 
 0.208443  0.263852  0.321900  0.205805 
 0.080645  0.500000  0.020737  0.398618 
 0.004608  0.000000  0.000000  0.995392 
 0.976959  0.023041  0.000000  0.000000 
 0.972350  0.027650  0.000000  0.000000 
 0.000000  0.000000  0.023041  0.976959 
 0.011521  0.006912  0.055300  0.926267 
 0.627273  0.015152  0.327273  0.030303 

MOTIF amos_da_SANGER_10 amos
letter-probability matrix: alength= 4 w= 11 nsites= 23 E= 0
 0.565217  0.043478  0.347826  0.043478 
 0.304348  0.565217  0.000000  0.130435 
 0.000000  1.000000  0.000000  0.000000 
 1.000000  0.000000  0.000000  0.000000 
 0.000000  0.304348  0.043478  0.652174 
 0.304348  0.695652  0.000000  0.000000 
 0.000000  0.000000  0.000000  1.000000 
 0.000000  0.000000  1.000000  0.000000 
 0.086957  0.391304  0.260870  0.260870 
 0.086957  0.565217  0.130435  0.217391 
 0.260870  0.304348  0.434783  0.000000 

MOTIF Antp_Cell Antp
letter-probability matrix: alength= 4 w= 8 nsites= 16 E= 0
 0.062500  0.312500  0.125000  0.500000 
 0.062500  0.062500  0.000000  0.875000 
 0.000000  0.000000  0.000000  1.000000 
 1.000000  0.000000  0.000000  0.000000 
 1.000000  0.000000  0.000000  0.000000 
 0.000000  0.000000  0.000000  1.000000 
 0.000000  0.000000  0.562500  0.437500 
 0.937500  0.000000  0.062500  0.000000 

MOTIF Antp_FlyReg Antp
letter-probability matrix: alength= 4 w= 6 nsites= 12 E= 0
 0.666667  0.000000  0.000000  0.333333 
 0.000000  0.000000  0.000000  1.000000 
 0.916667  0.000000  0.083333  0.000000 
 1.000000  0.000000  0.000000  0.000000 
 0.000000  0.000000  0.250000  0.750000 
 0.250000  0.000000  0.000000  0.750000 

MOTIF Antp_SOLEXA Antp
letter-probability matrix: alength= 4 w= 8 nsites= 1562 E= 0
 0.208707  0.256722  0.206146  0.328425 
 0.140845  0.195262  0.085147  0.578745 
 0.067862  0.000000  0.010243  0.921895 
 0.793854  0.048015  0.009603  0.148528 
 0.961588  0.038412  0.000000  0.000000 
 0.000640  0.074904  0.037132  0.887324 
 0.064661  0.033291  0.462228  0.439821 
 0.580666  0.013444  0.361716  0.044174 

MOTIF aop_SANGER_10 aop
letter-probability matrix: alength= 4 w= 9 nsites= 19 E= 0
 0.526316  0.157895  0.315789  0.000000 
 0.000000  0.894737  0.105263  0.000000 
 0.000000  1.000000  0.000000  0.000000 
 0.000000  0.000000  1.000000  0.000000 
 0.000000  0.000000  1.000000  0.000000 
 1.000000  0.000000  0.000000  0.000000 
 0.947368  0.000000  0.000000  0.052632 
 0.263158  0.000000  0.736842  0.000000 
 0.052632  0.315789  0.000000  0.631579 

MOTIF Ap_Cell ap
letter-probability matrix: alength= 4 w= 8 nsites= 19 E= 0
 0.263158  0.210526  0.473684  0.052632 
 0.105263  0.526316  0.000000  0.368421 
 0.052632  0.000000  0.000000  0.947368 
 1.000000  0.000000  0.000000  0.000000 
 1.000000  0.000000  0.000000  0.000000 
 0.000000  0.000000  0.000000  1.000000 
 0.000000  0.000000  0.315789  0.684211 
 0.842105  0.000000  0.157895  0.000000 

MOTIF ap_FlyReg ap
letter-probability matrix: alength= 4 w= 6 nsites= 12 E= 0
 0.083333  0.333333  0.166667  0.416667 
 1.000000  0.000000  0.000000  0.000000 
 1.000000  0.000000  0.000000  0.000000 
 0.000000  0.083333  0.083333  0.833333 
 0.333333  0.250000  0.083333  0.333333 
 0.916667  0.000000  0.083333  0.000000 

MOTIF Ap_SOLEXA ap
letter-probability matrix: alength= 4 w= 7 nsites= 3067 E= 0
 0.145419  0.323117  0.115096  0.416368 
 0.043039  0.023476  0.000000  0.933485 
 0.949136  0.000000  0.016629  0.034235 
 0.987284  0.000000  0.012716  0.000000 
 0.007825  0.110205  0.000000  0.881969 
 0.115748  0.058037  0.295729  0.530486 
 0.680470  0.023150  0.275840  0.020541 

MOTIF Ara_Cell ara
letter-probability matrix: alength= 4 w= 8 nsites= 34 E= 0
 0.352941  0.147059  0.294118  0.205882 
 0.470588  0.205882  0.176471  0.147059 
 0.705882  0.029412  0.029412  0.235294 
 0.411765  0.000000  0.147059  0.441176 
 0.676471  0.000000  0.000000  0.323529 
 1.000000  0.000000  0.000000  0.000000 
 0.000000  1.000000  0.000000  0.000000 
 1.000000  0.000000  0.000000  0.000000 

MOTIF Ara_SOLEXA ara
letter-probability matrix: alength= 4 w= 6 nsites= 313 E= 0
 0.495208  0.115016  0.140575  0.249201 
 0.309904  0.000000  0.143770  0.546326 
 0.616613  0.000000  0.121406  0.261981 
 1.000000  0.000000  0.000000  0.000000 
 0.000000  1.000000  0.000000  0.000000 
 1.000000  0.000000  0.000000  0.000000 

MOTIF ase_da_SANGER_10 ase
letter-probability matrix: alength= 4 w= 7 nsites= 23 E= 0
 0.000000  0.956522  0.043478  0.000000 
 1.000000  0.000000  0.000000  0.000000 
 0.000000  0.826087  0.043478  0.130435 
 0.000000  1.000000  0.000000  0.000000 
 0.000000  0.000000  0.000000  1.000000 
 0.000000  0.000000  1.000000  0.000000 
 0.000000  0.739130  0.000000  0.260870 

MOTIF Atf-2_SANGER_5 Atf-2
letter-probability matrix: alength= 4 w= 11 nsites= 8 E= 0
 0.625000  0.000000  0.375000  0.000000 
 0.000000  0.125000  0.000000  0.875000 
 0.000000  0.500000  0.500000  0.000000 
 0.875000  0.000000  0.000000  0.125000 
 0.125000  0.875000  0.000000  0.000000 
 0.000000  0.000000  1.000000  0.000000 
 0.000000  0.000000  0.000000  1.000000 
 0.000000  1.000000  0.000000  0.000000 
 0.875000  0.000000  0.125000  0.000000 
 0.000000  0.000000  0.000000  1.000000 
 0.250000  0.625000  0.000000  0.125000 

MOTIF Atf6_SANGER_5 Atf6
letter-probability matrix: alength= 4 w= 12 nsites= 6 E= 0
 0.000000  0.000000  1.000000  0.000000 
 0.166667  0.666667  0.166667  0.000000 
 0.000000  0.000000  0.000000  1.000000 
 0.000000  0.000000  1.000000  0.000000 
 0.833333  0.166667  0.000000  0.000000 
 0.000000  1.000000  0.000000  0.000000 
 0.000000  0.000000  0.833333  0.166667 
 0.000000  0.000000  0.000000  1.000000 
 0.000000  0.000000  1.000000  0.000000 
 0.166667  0.000000  0.666667  0.166667 
 0.333333  0.666667  0.000000  0.000000 
 1.000000  0.000000  0.000000  0.000000 

MOTIF ato_da_SANGER_10 ato
letter-probability matrix: alength= 4 w= 11 nsites= 23 E= 0
 0.347826  0.478261  0.173913  0.000000 
 0.000000  1.000000  0.000000  0.000000 
 1.000000  0.000000  0.000000  0.000000 
 0.000000  0.608696  0.043478  0.347826 
 0.347826  0.652174  0.000000  0.000000 
 0.000000  0.000000  0.000000  1.000000 
 0.000000  0.000000  1.000000  0.000000 
 0.304348  0.130435  0.130435  0.434783 
 0.000000  0.826087  0.000000  0.173913 
 0.478261  0.130435  0.304348  0.086957 
 0.130435  0.565217  0.086957  0.217391 

MOTIF ato_da_SANGER_5_2 ato
letter-probability matrix: alength= 4 w= 9 nsites= 22 E= 0
 0.090909  0.090909  0.818182  0.000000 
 0.363636  0.363636  0.045455  0.227273 
 0.000000  1.000000  0.000000  0.000000 
 1.000000  0.000000  0.000000  0.000000 
 0.000000  0.000000  0.590909  0.409091 
 0.409091  0.136364  0.363636  0.090909 
 0.000000  0.000000  0.000000  1.000000 
 0.000000  0.000000  1.000000  0.000000 
 0.045455  0.227273  0.272727  0.454545 

MOTIF ato_da_SANGER_5_3 ato
letter-probability matrix: alength= 4 w= 9 nsites= 19 E= 0
 0.368421  0.473684  0.157895  0.000000 
 0.000000  1.000000  0.000000  0.000000 
 0.947368  0.000000  0.052632  0.000000 
 0.000000  0.526316  0.052632  0.421053 
 0.368421  0.631579  0.000000  0.000000 
 0.052632  0.000000  0.000000  0.947368 
 0.000000  0.000000  1.000000  0.000000 
 0.315789  0.368421  0.157895  0.157895 
 0.157895  0.736842  0.052632  0.052632 

MOTIF Awh_Cell Awh
letter-probability matrix: alength= 4 w= 7 nsites= 40 E= 0
 0.075000  0.400000  0.000000  0.525000 
 0.025000  0.000000  0.000000  0.975000 
 0.825000  0.000000  0.175000  0.000000 
 1.000000  0.000000  0.000000  0.000000 
 0.000000  0.000000  0.025000  0.975000 
 0.000000  0.000000  0.200000  0.800000 
 0.850000  0.000000  0.100000  0.050000 

MOTIF Awh_SOLEXA Awh
letter-probability matrix: alength= 4 w= 7 nsites= 176 E= 0
 0.051136  0.420455  0.068182  0.460227 
 0.022727  0.000000  0.005682  0.971591 
 0.926136  0.011364  0.056818  0.005682 
 0.971591  0.028409  0.000000  0.000000 
 0.000000  0.039773  0.011364  0.948864 
 0.017045  0.011364  0.312500  0.659091 
 0.704545  0.022727  0.261364  0.011364 

MOTIF bab1_FlyReg bab1
letter-probability matrix: alength= 4 w= 10 nsites= 6 E= 0
 0.166667  0.000000  0.000000  0.833333 
 1.000000  0.000000  0.000000  0.000000 
 0.000000  0.000000  0.000000  1.000000 
 0.333333  0.000000  0.000000  0.666667 
 0.666667  0.000000  0.166667  0.166667 
 0.333333  0.000000  0.000000  0.666667 
 0.000000  0.000000  0.000000  1.000000 
 0.500000  0.000000  0.500000  0.000000 
 0.000000  0.000000  0.000000  1.000000 
 0.000000  0.000000  0.166667  0.833333 

MOTIF bab1_SANGER_5 bab1
letter-probability matrix: alength= 4 w= 11 nsites= 20 E= 0
 0.100000  0.100000  0.650000  0.150000 
 0.950000  0.000000  0.000000  0.050000 
 0.950000  0.000000  0.000000  0.050000 
 0.150000  0.000000  0.050000  0.800000 
 0.150000  0.000000  0.000000  0.850000 
 1.000000  0.000000  0.000000  0.000000 
 0.700000  0.000000  0.000000  0.300000 
 1.000000  0.000000  0.000000  0.000000 
 0.000000  0.000000  0.000000  1.000000 
 0.950000  0.000000  0.050000  0.000000 
 0.250000  0.100000  0.000000  0.650000 

MOTIF Bap_Cell bap
letter-probability matrix: alength= 4 w= 10 nsites= 23 E= 0
 0.304348  0.173913  0.173913  0.347826 
 0.043478  0.391304  0.217391  0.347826 
 0.000000  0.000000  0.043478  0.956522 
 0.000000  0.000000  0.000000  1.000000 
 1.000000  0.000000  0.000000  0.000000 
 1.000000  0.000000  0.000000  0.000000 
 0.000000  0.000000  1.000000  0.000000 
 0.043478  0.000000  0.000000  0.956522 
 0.304348  0.000000  0.695652  0.000000 
 0.130435  0.347826  0.391304  0.130435 

MOTIF Bap_SOLEXA bap
letter-probability matrix: alength= 4 w= 8 nsites= 332 E= 0
 0.165663  0.337349  0.298193  0.198795 
 0.102410  0.183735  0.075301  0.638554 
 0.006024  0.000000  0.009036  0.984940 
 0.993976  0.003012  0.000000  0.003012 
 0.921687  0.078313  0.000000  0.000000 
 0.009036  0.006024  0.734940  0.250000 
 0.051205  0.036145  0.102410  0.810241 
 0.349398  0.006024  0.644578  0.000000 

MOTIF Bcd_Cell bcd
letter-probability matrix: alength= 4 w= 8 nsites= 22 E= 0
 0.045455  0.272727  0.454545  0.227273 
 0.136364  0.227273  0.136364  0.500000 
 0.000000  0.000000  0.000000  1.000000 
 0.909091  0.000000  0.000000  0.090909 
 1.000000  0.000000  0.000000  0.000000 
 0.000000  0.000000  0.045455  0.954545 
 0.000000  1.000000  0.000000  0.000000 
 0.000000  0.954545  0.000000  0.045455 

MOTIF bcd_FlyReg bcd
letter-probability matrix: alength= 4 w= 8 nsites= 48 E= 0
 0.187500  0.375000  0.062500  0.375000 
 0.166667  0.062500  0.020833  0.750000 
 0.937500  0.020833  0.020833  0.020833 
 0.979167  0.000000  0.020833  0.000000 
 0.020833  0.000000  0.333333  0.645833 
 0.020833  0.916667  0.000000  0.062500 
 0.041667  0.541667  0.062500  0.354167 
 0.104167  0.250000  0.375000  0.270833 

MOTIF bcd_NAR bcd
letter-probability matrix: alength= 4 w= 7 nsites= 19 E= 0
 0.105263  0.315789  0.105263  0.473684 
 0.210526  0.105263  0.000000  0.684211 
 0.947368  0.000000  0.000000  0.052632 
 1.000000  0.000000  0.000000  0.000000 
 0.052632  0.000000  0.263158  0.684211 
 0.000000  0.894737  0.000000  0.105263 
 0.000000  0.473684  0.000000  0.526316 

MOTIF Bcd_SOLEXA bcd
letter-probability matrix: alength= 4 w= 7 nsites= 210 E= 0
 0.121495  0.285047  0.126168  0.467290 
 0.102326  0.013953  0.004651  0.879070 
 1.000000  0.000000  0.000000  0.000000 
 0.986111  0.013889  0.000000  0.000000 
 0.000000  0.009259  0.092593  0.898148 
 0.004630  0.875000  0.013889  0.106481 
 0.127072  0.618785  0.082873  0.171271 

MOTIF BH1_Cell B-H1
letter-probability matrix: alength= 4 w= 9 nsites= 21 E= 0
 0.047619  0.238095  0.571429  0.142857 
 0.190476  0.190476  0.000000  0.619048 
 0.000000  0.000000  0.000000  1.000000 
 1.000000  0.000000  0.000000  0.000000 
 1.000000  0.000000  0.000000  0.000000 
 0.380952  0.000000  0.000000  0.619048 
 0.047619  0.333333  0.000000  0.619048 
 0.047619  0.000000  0.952381  0.000000 
 0.333333  0.142857  0.380952  0.142857 

MOTIF BH1_SOLEXA B-H1
letter-probability matrix: alength= 4 w= 6 nsites= 2484 E= 0
 0.000000  0.000000  0.000000  1.000000 
 1.000000  0.000000  0.000000  0.000000 
 1.000000  0.000000  0.000000  0.000000 
 0.285024  0.000000  0.026973  0.688003 
 0.069243  0.256039  0.085346  0.589372 
 0.220612  0.000000  0.739936  0.039452 

MOTIF BH2_Cell B-H2
letter-probability matrix: alength= 4 w= 9 nsites= 21 E= 0
 0.095238  0.333333  0.333333  0.238095 
 0.285714  0.095238  0.047619  0.571429 
 0.000000  0.000000  0.000000  1.000000 
 1.000000  0.000000  0.000000  0.000000 
 1.000000  0.000000  0.000000  0.000000 
 0.238095  0.000000  0.000000  0.761905 
 0.142857  0.047619  0.095238  0.714286 
 0.000000  0.000000  1.000000  0.000000 
 0.238095  0.190476  0.523810  0.047619 

MOTIF BH2_SOLEXA B-H2
letter-probability matrix: alength= 4 w= 8 nsites= 917 E= 0
 0.183206  0.231189  0.315158  0.270447 
 0.198473  0.227917  0.061069  0.512541 
 0.033806  0.000000  0.000000  0.966194 
 1.000000  0.000000  0.000000  0.000000 
 1.000000  0.000000  0.000000  0.000000 
 0.237732  0.000000  0.037077  0.725191 
 0.081788  0.284624  0.114504  0.519084 
 0.286805  0.101418  0.589967  0.021810 

MOTIF bin_FlyReg bin
letter-probability matrix: alength= 4 w= 10 nsites= 5 E= 0
 0.000000  0.000000  0.000000  1.000000 
 0.800000  0.000000  0.000000  0.200000 
 0.800000  0.000000  0.000000  0.200000 
 0.800000  0.200000  0.000000  0.000000 
 0.000000  1.000000  0.000000  0.000000 
 1.000000  0.000000  0.000000  0.000000 
 0.600000  0.000000  0.400000  0.000000 
 0.400000  0.400000  0.200000  0.000000 
 0.000000  0.000000  1.000000  0.000000 
 0.800000  0.000000  0.200000  0.000000 

MOTIF bin_SANGER_5 bin
letter-probability matrix: alength= 4 w= 7 nsites= 20 E= 0
 0.450000  0.000000  0.500000  0.050000 
 0.000000  0.000000  0.000000  1.000000 
 1.000000  0.000000  0.000000  0.000000 
 1.000000  0.000000  0.000000  0.000000 
 1.000000  0.000000  0.000000  0.000000 
 0.000000  1.000000  0.000000  0.000000 
 0.950000  0.000000  0.000000  0.050000 

MOTIF Blimp-1_NAR Blimp-1
letter-probability matrix: alength= 4 w= 12 nsites= 12 E= 0
 0.333333  0.000000  0.666667  0.000000 
 0.916667  0.000000  0.000000  0.083333 
 0.833333  0.083333  0.083333  0.000000 
 1.000000  0.000000  0.000000  0.000000 
 0.083333  0.000000  0.916667  0.000000 
 0.000000  0.166667  0.083333  0.750000 
 0.000000  0.000000  1.000000  0.000000 
 1.000000  0.000000  0.000000  0.000000 
 0.916667  0.000000  0.083333  0.000000 
 1.000000  0.000000  0.000000  0.000000 
 0.083333  0.000000  0.916667  0.000000 
 0.000000  0.250000  0.000000  0.750000 

MOTIF Blimp-1_SANGER_5 Blimp-1
letter-probability matrix: alength= 4 w= 12 nsites= 8 E= 0
 0.222222  0.111111  0.666667  0.000000 
 0.777778  0.000000  0.000000  0.222222 
 1.000000  0.000000  0.000000  0.000000 
 1.000000  0.000000  0.000000  0.000000 
 0.000000  0.000000  0.888889  0.111111 
 0.111111  0.111111  0.444444  0.333333 
 0.000000  0.000000  1.000000  0.000000 
 1.000000  0.000000  0.000000  0.000000 
 1.000000  0.000000  0.000000  0.000000 
 1.000000  0.000000  0.000000  0.000000 
 0.111111  0.000000  0.777778  0.111111 
 0.000000  0.750000  0.000000  0.250000 

MOTIF bowl_SANGER_5 bowl
letter-probability matrix: alength= 4 w= 8 nsites= 11 E= 0
 0.363636  0.636364  0.000000  0.000000 
 0.000000  1.000000  0.000000  0.000000 
 0.583333  0.083333  0.333333  0.000000 
 0.000000  0.000000  1.000000  0.000000 
 0.416667  0.000000  0.083333  0.500000 
 1.000000  0.000000  0.000000  0.000000 
 0.000000  0.000000  1.000000  0.000000 
 0.000000  0.727273  0.000000  0.272727 

MOTIF br_SANGER_10 br
letter-probability matrix: alength= 4 w= 7 nsites= 12 E= 0
 0.083333  0.000000  0.916667  0.000000 
 1.000000  0.000000  0.000000  0.000000 
 0.000000  0.000000  0.000000  1.000000 
 0.000000  0.000000  0.000000  1.000000 
 1.000000  0.000000  0.000000  0.000000 
 0.000000  0.083333  0.916667  0.000000 
 1.000000  0.000000  0.000000  0.000000 

MOTIF br_SOLEXA_10 br
letter-probability matrix: alength= 4 w= 11 nsites= 358 E= 0
 0.263314  0.257396  0.349112  0.130178 
 0.244318  0.221591  0.116477  0.417614 
 0.024862  0.002762  0.950276  0.022099 
 0.839779  0.058011  0.000000  0.102210 
 0.011050  0.011050  0.002762  0.975138 
 0.008287  0.000000  0.000000  0.991713 
 1.000000  0.000000  0.000000  0.000000 
 0.000000  0.000000  1.000000  0.000000 
 0.889503  0.002762  0.102210  0.005525 
 0.588889  0.150000  0.058333  0.202778 
 0.433333  0.088889  0.347222  0.130556 

MOTIF br-PA_SANGER_5 br
letter-probability matrix: alength= 4 w= 7 nsites= 11 E= 0
 0.727273  0.000000  0.272727  0.000000 
 0.909091  0.090909  0.000000  0.000000 
 0.000000  0.000000  0.000000  1.000000 
 1.000000  0.000000  0.000000  0.000000 
 0.000000  0.000000  0.909091  0.090909 
 0.000000  0.000000  0.000000  1.000000 
 0.000000  0.000000  0.363636  0.636364 

MOTIF br-PE_SANGER_5 br
letter-probability matrix: alength= 4 w= 12 nsites= 10 E= 0
 0.500000  0.000000  0.500000  0.000000 
 0.200000  0.100000  0.000000  0.700000 
 0.200000  0.300000  0.000000  0.500000 
 0.000000  0.700000  0.100000  0.200000 
 0.300000  0.200000  0.300000  0.200000 
 0.300000  0.100000  0.000000  0.600000 
 0.000000  1.000000  0.000000  0.000000 
 0.100000  0.000000  0.100000  0.800000 
 1.000000  0.000000  0.000000  0.000000 
 1.000000  0.000000  0.000000  0.000000 
 0.100000  0.500000  0.000000  0.400000 
 0.200000  0.000000  0.800000  0.000000 

MOTIF br-PL_SANGER_5 br
letter-probability matrix: alength= 4 w= 9 nsites= 11 E= 0
 0.363636  0.636364  0.000000  0.000000 
 0.545455  0.454545  0.000000  0.000000 
 0.181818  0.000000  0.181818  0.636364 
 1.000000  0.000000  0.000000  0.000000 
 0.000000  0.000000  0.909091  0.090909 
 1.000000  0.000000  0.000000  0.000000 
 0.000000  0.545455  0.272727  0.181818 
 0.000000  0.727273  0.181818  0.090909 
 0.727273  0.090909  0.000000  0.181818 

MOTIF br-Z1_FlyReg br
letter-probability matrix: alength= 4 w= 8 nsites= 17 E= 0
 0.705882  0.000000  0.117647  0.176471 
 0.705882  0.117647  0.176471  0.000000 
 0.529412  0.000000  0.000000  0.470588 
 0.000000  0.176471  0.000000  0.823529 
 0.823529  0.000000  0.117647  0.058824 
 0.058824  0.235294  0.529412  0.176471 
 0.647059  0.176471  0.117647  0.058824 
 0.941176  0.058824  0.000000  0.000000 

MOTIF br-Z2_FlyReg br
letter-probability matrix: alength= 4 w= 8 nsites= 21 E= 0
 0.333333  0.142857  0.047619  0.476190 
 0.000000  0.714286  0.190476  0.095238 
 0.000000  0.000000  0.000000  1.000000 
 1.000000  0.000000  0.000000  0.000000 
 0.047619  0.000000  0.238095  0.714286 
 0.095238  0.238095  0.238095  0.428571 
 0.571429  0.047619  0.047619  0.333333 
 0.523810  0.190476  0.047619  0.238095 

MOTIF br-Z3_FlyReg br
letter-probability matrix: alength= 4 w= 8 nsites= 16 E= 0
 0.437500  0.187500  0.187500  0.187500 
 0.750000  0.062500  0.000000  0.187500 
 0.625000  0.000000  0.375000  0.000000 
 0.062500  0.687500  0.000000  0.250000 
 0.000000  0.000000  0.062500  0.937500 
 0.437500  0.000000  0.187500  0.375000 
 0.000000  0.000000  0.625000  0.375000 
 0.000000  0.000000  0.062500  0.937500 

MOTIF br-Z4_FlyReg br
letter-probability matrix: alength= 4 w= 6 nsites= 8 E= 0
 0.625000  0.000000  0.375000  0.000000 
 0.250000  0.625000  0.000000  0.125000 
 0.125000  0.000000  0.000000  0.875000 
 1.000000  0.000000  0.000000  0.000000 
 1.000000  0.000000  0.000000  0.000000 
 0.125000  0.000000  0.000000  0.875000 

MOTIF brk_FlyReg brk
letter-probability matrix: alength= 4 w= 8 nsites= 10 E= 0
 0.100000  0.500000  0.400000  0.000000 
 0.000000  0.400000  0.000000  0.600000 
 0.000000  0.000000  1.000000  0.000000 
 0.000000  0.000000  1.000000  0.000000 
 0.000000  1.000000  0.000000  0.000000 
 0.100000  0.000000  0.900000  0.000000 
 0.100000  0.800000  0.000000  0.100000 
 0.000000  0.500000  0.100000  0.400000 

MOTIF Bsh_Cell bsh
letter-probability matrix: alength= 4 w= 9 nsites= 16 E= 0
 0.187500  0.312500  0.062500  0.437500 
 0.062500  0.187500  0.125000  0.625000 
 0.000000  0.000000  0.000000  1.000000 
 1.000000  0.000000  0.000000  0.000000 
 1.000000  0.000000  0.000000  0.000000 
 0.000000  0.062500  0.000000  0.937500 
 0.000000  0.187500  0.375000  0.437500 
 0.437500  0.000000  0.562500  0.000000 
 0.187500  0.187500  0.562500  0.062500 

MOTIF Bsh_SOLEXA bsh
letter-probability matrix: alength= 4 w= 7 nsites= 1347 E= 0
 0.216036  0.242762  0.130661  0.410542 
 0.015590  0.000000  0.025241  0.959169 
 0.967335  0.014848  0.005939  0.011878 
 0.979955  0.012621  0.007424  0.000000 
 0.012621  0.133630  0.040831  0.812918 
 0.017817  0.152190  0.438753  0.391240 
 0.578322  0.011136  0.357832  0.052710 

MOTIF BtbVII_SANGER_5 BtbVII
letter-probability matrix: alength= 4 w= 10 nsites= 20 E= 0
 0.400000  0.500000  0.100000  0.000000 
 0.050000  0.250000  0.250000  0.450000 
 0.000000  0.150000  0.000000  0.850000 
 1.000000  0.000000  0.000000  0.000000 
 0.000000  0.000000  0.000000  1.000000 
 0.250000  0.000000  0.650000  0.100000 
 0.000000  0.000000  0.000000  1.000000 
 0.800000  0.000000  0.200000  0.000000 
 0.100000  0.450000  0.000000  0.450000 
 0.700000  0.150000  0.000000  0.150000 

MOTIF btd_NAR btd
letter-probability matrix: alength= 4 w= 10 nsites= 29 E= 0
 0.482759  0.103448  0.241379  0.172414 
 0.344828  0.000000  0.655172  0.000000 
 0.137931  0.000000  0.620690  0.241379 
 0.068966  0.000000  0.931034  0.000000 
 0.000000  0.000000  1.000000  0.000000 
 0.000000  0.000000  1.000000  0.000000 
 0.068966  0.931034  0.000000  0.000000 
 0.000000  0.000000  1.000000  0.000000 
 0.000000  0.000000  0.689655  0.310345 
 0.517241  0.034483  0.310345  0.137931 

MOTIF Bteb2_SANGER_2.5 Bteb2
letter-probability matrix: alength= 4 w= 8 nsites= 12 E= 0
 0.166667  0.083333  0.750000  0.000000 
 0.000000  0.000000  1.000000  0.000000 
 0.000000  0.000000  1.000000  0.000000 
 0.000000  0.000000  1.000000  0.000000 
 0.000000  0.000000  1.000000  0.000000 
 0.000000  1.000000  0.000000  0.000000 
 0.000000  0.000000  1.000000  0.000000 
 0.000000  0.000000  0.333333  0.666667 

MOTIF Bteb2_SOLEXA_2.5 Bteb2
letter-probability matrix: alength= 4 w= 14 nsites= 322 E= 0
 0.248322  0.140940  0.305369  0.305369 
 0.316456  0.208861  0.155063  0.319620 
 0.473846  0.043077  0.335385  0.147692 
 0.243077  0.006154  0.729231  0.021538 
 0.009231  0.000000  0.766154  0.224615 
 0.015385  0.000000  0.956923  0.027692 
 0.003077  0.000000  0.938462  0.058462 
 0.009231  0.000000  0.978462  0.012308 
 0.024615  0.920000  0.000000  0.055385 
 0.006154  0.000000  0.975385  0.018462 
 0.000000  0.000000  0.338462  0.661538 
 0.443077  0.083077  0.273846  0.200000 
 0.255385  0.172308  0.175385  0.396923 
 0.254658  0.369565  0.164596  0.211180 

MOTIF Btn_Cell btn
letter-probability matrix: alength= 4 w= 8 nsites= 23 E= 0
 0.173913  0.391304  0.217391  0.217391 
 0.217391  0.043478  0.173913  0.565217 
 0.000000  0.000000  0.000000  1.000000 
 0.956522  0.000000  0.043478  0.000000 
 1.000000  0.000000  0.000000  0.000000 
 0.000000  0.043478  0.000000  0.956522 
 0.000000  0.000000  0.652174  0.347826 
 0.826087  0.000000  0.130435  0.043478 

MOTIF Btn_SOLEXA btn
letter-probability matrix: alength= 4 w= 7 nsites= 526 E= 0
 0.165399  0.250951  0.115970  0.467681 
 0.009506  0.007605  0.000000  0.982890 
 0.967681  0.015209  0.009506  0.007605 
 0.990494  0.007605  0.001901  0.000000 
 0.000000  0.036122  0.032319  0.931559 
 0.007605  0.038023  0.465779  0.488593 
 0.777567  0.000000  0.193916  0.028517 

MOTIF byn_FlyReg byn
letter-probability matrix: alength= 4 w= 8 nsites= 9 E= 0
 0.888889  0.000000  0.000000  0.111111 
 0.444444  0.000000  0.222222  0.333333 
 0.000000  0.000000  0.888889  0.111111 
 0.000000  0.111111  0.000000  0.888889 
 0.000000  0.000000  1.000000  0.000000 
 0.111111  0.777778  0.000000  0.111111 
 0.333333  0.000000  0.444444  0.222222 
 0.777778  0.000000  0.000000  0.222222 

MOTIF C15_Cell C15
letter-probability matrix: alength= 4 w= 8 nsites= 19 E= 0
 0.105263  0.210526  0.421053  0.263158 
 0.052632  0.052632  0.000000  0.894737 
 0.000000  0.000000  0.000000  1.000000 
 0.894737  0.000000  0.000000  0.105263 
 1.000000  0.000000  0.000000  0.000000 
 0.315789  0.105263  0.000000  0.578947 
 0.000000  0.157895  0.315789  0.526316 
 0.526316  0.000000  0.473684  0.000000 

MOTIF C15_SOLEXA C15
letter-probability matrix: alength= 4 w= 8 nsites= 891 E= 0
 0.177329  0.231201  0.242424  0.349046 
 0.143659  0.134680  0.086420  0.635241 
 0.000000  0.000000  0.000000  1.000000 
 0.967452  0.000000  0.000000  0.032548 
 1.000000  0.000000  0.000000  0.000000 
 0.236813  0.089787  0.062851  0.610550 
 0.109989  0.071829  0.346801  0.471380 
 0.634119  0.000000  0.365881  0.000000 

MOTIF Cad_Cell cad
letter-probability matrix: alength= 4 w= 8 nsites= 38 E= 0
 0.315789  0.157895  0.105263  0.421053 
 0.078947  0.078947  0.078947  0.763158 
 0.105263  0.000000  0.000000  0.894737 
 0.315789  0.000000  0.052632  0.631579 
 1.000000  0.000000  0.000000  0.000000 
 0.000000  0.000000  0.000000  1.000000 
 0.105263  0.000000  0.184211  0.710526 
 0.578947  0.000000  0.394737  0.026316 

MOTIF cad_FlyReg cad
letter-probability matrix: alength= 4 w= 9 nsites= 13 E= 0
 0.000000  0.384615  0.230769  0.384615 
 0.153846  0.000000  0.230769  0.615385 
 0.000000  0.000000  0.000000  1.000000 
 0.076923  0.000000  0.000000  0.923077 
 0.461538  0.153846  0.076923  0.307692 
 0.000000  0.307692  0.230769  0.461538 
 0.230769  0.076923  0.692308  0.000000 
 0.538462  0.230769  0.153846  0.076923 
 0.000000  0.307692  0.000000  0.692308 

MOTIF Cad_SOLEXA cad
letter-probability matrix: alength= 4 w= 8 nsites= 1420 E= 0
 0.243662  0.173239  0.218310  0.364789 
 0.090141  0.095070  0.081690  0.733099 
 0.126761  0.010563  0.004225  0.858451 
 0.449296  0.007042  0.035915  0.507746 
 1.000000  0.000000  0.000000  0.000000 
 0.000000  0.084507  0.023239  0.892254 
 0.144366  0.011972  0.279577  0.564085 
 0.570423  0.015493  0.393662  0.020423 

MOTIF cato_da_SANGER_10 cato
letter-probability matrix: alength= 4 w= 10 nsites= 23 E= 0
 0.391304  0.478261  0.043478  0.086957 
 0.478261  0.217391  0.304348  0.000000 
 0.000000  1.000000  0.000000  0.000000 
 0.956522  0.000000  0.043478  0.000000 
 0.086957  0.260870  0.434783  0.217391 
 0.304348  0.652174  0.043478  0.000000 
 0.043478  0.000000  0.000000  0.956522 
 0.000000  0.000000  1.000000  0.000000 
 0.521739  0.086957  0.130435  0.260870 
 0.000000  0.826087  0.000000  0.173913 

MOTIF Caup_Cell caup
letter-probability matrix: alength= 4 w= 8 nsites= 19 E= 0
 0.210526  0.473684  0.105263  0.210526 
 0.473684  0.000000  0.157895  0.368421 
 0.421053  0.000000  0.210526  0.368421 
 0.210526  0.052632  0.105263  0.631579 
 0.736842  0.000000  0.105263  0.157895 
 1.000000  0.000000  0.000000  0.000000 
 0.000000  1.000000  0.000000  0.000000 
 1.000000  0.000000  0.000000  0.000000 

MOTIF Caup_SOLEXA caup
letter-probability matrix: alength= 4 w= 6 nsites= 2904 E= 0
 0.344008  0.158402  0.215565  0.282025 
 0.198691  0.069215  0.220041  0.512052 
 0.487259  0.000000  0.175964  0.336777 
 1.000000  0.000000  0.000000  0.000000 
 0.000689  0.999311  0.000000  0.000000 
 1.000000  0.000000  0.000000  0.000000 

MOTIF Cf2-II_FlyReg Cf2
letter-probability matrix: alength= 4 w= 8 nsites= 3 E= 0
 0.333333  0.000000  0.666667  0.000000 
 0.333333  0.333333  0.000000  0.333333 
 0.000000  0.000000  1.000000  0.000000 
 0.000000  0.000000  0.000000  1.000000 
 1.000000  0.000000  0.000000  0.000000 
 0.000000  0.000000  0.000000  1.000000 
 1.000000  0.000000  0.000000  0.000000 
 0.666667  0.000000  0.000000  0.333333 

MOTIF Cf2-PA_SANGER_2.5 Cf2
letter-probability matrix: alength= 4 w= 9 nsites= 8 E= 0
 0.000000  0.125000  0.000000  0.875000 
 0.875000  0.000000  0.000000  0.125000 
 0.250000  0.000000  0.250000  0.500000 
 0.125000  0.500000  0.375000  0.000000 
 0.000000  0.375000  0.000000  0.625000 
 0.000000  0.000000  1.000000  0.000000 
 0.875000  0.125000  0.000000  0.000000 
 1.000000  0.000000  0.000000  0.000000 
 1.000000  0.000000  0.000000  0.000000 

MOTIF Cf2-PB_SANGER_5 Cf2
letter-probability matrix: alength= 4 w= 15 nsites= 11 E= 0
 0.000000  1.000000  0.000000  0.000000 
 0.111111  0.333333  0.444444  0.111111 
 0.181818  0.272727  0.545455  0.000000 
 0.250000  0.250000  0.083333  0.416667 
 0.166667  0.250000  0.333333  0.250000 
 0.000000  0.000000  0.583333  0.416667 
 0.416667  0.000000  0.333333  0.250000 
 0.000000  0.000000  0.000000  1.000000 
 0.916667  0.000000  0.083333  0.000000 
 0.166667  0.500000  0.166667  0.166667 
 0.666667  0.083333  0.250000  0.000000 
 0.000000  0.000000  0.000000  1.000000 
 1.000000  0.000000  0.000000  0.000000 
 0.000000  0.083333  0.000000  0.916667 
 0.666667  0.000000  0.083333  0.250000 

MOTIF CG10267_SANGER_5 Zif
letter-probability matrix: alength= 4 w= 10 nsites= 16 E= 0
 0.500000  0.000000  0.062500  0.437500 
 0.375000  0.375000  0.000000  0.250000 
 0.062500  0.625000  0.000000  0.312500 
 1.000000  0.000000  0.000000  0.000000 
 1.000000  0.000000  0.000000  0.000000 
 0.062500  0.875000  0.000000  0.062500 
 1.000000  0.000000  0.000000  0.000000 
 0.000000  1.000000  0.000000  0.000000 
 0.000000  0.000000  0.000000  1.000000 
 0.687500  0.000000  0.312500  0.000000 

MOTIF CG10267_SOLEXA_5 Zif
letter-probability matrix: alength= 4 w= 20 nsites= 260 E= 0
 0.092025  0.619632  0.104294  0.184049 
 0.370732  0.234146  0.195122  0.200000 
 0.204461  0.215613  0.308550  0.271375 
 0.204461  0.490706  0.107807  0.197026 
 0.342007  0.152416  0.104089  0.401487 
 0.583643  0.040892  0.115242  0.260223 
 0.553903  0.249071  0.014870  0.182156 
 0.037175  0.583643  0.007435  0.371747 
 0.981413  0.000000  0.003717  0.014870 
 0.828996  0.107807  0.000000  0.063197 
 0.130112  0.788104  0.026022  0.055762 
 0.825279  0.163569  0.003717  0.007435 
 0.096654  0.903346  0.000000  0.000000 
 0.014870  0.003717  0.000000  0.981413 
 0.773234  0.000000  0.223048  0.003717 
 0.085502  0.434944  0.397770  0.081784 
 0.342007  0.349442  0.159851  0.148699 
 0.494424  0.263941  0.074349  0.167286 
 0.315985  0.167286  0.133829  0.382900 
 0.150376  0.214286  0.150376  0.484962 

MOTIF CG10904_SANGER_5 CG10904
letter-probability matrix: alength= 4 w= 13 nsites= 16 E= 0
 0.125000  0.625000  0.250000  0.000000 
 0.750000  0.000000  0.250000  0.000000 
 0.062500  0.000000  0.000000  0.937500 
 0.000000  0.000000  1.000000  0.000000 
 0.437500  0.437500  0.125000  0.000000 
 0.000000  0.000000  0.875000  0.125000 
 1.000000  0.000000  0.000000  0.000000 
 0.000000  0.000000  0.875000  0.125000 
 1.000000  0.000000  0.000000  0.000000 
 0.812500  0.000000  0.000000  0.187500 
