MEME version 5

ALPHABET= ACGT

strands: + -

Background letter frequencies
A 0.250000 C 0.250000 G 0.250000 T 0.250000

MOTIF HLH54F_da_SANGER_5 HLH54F
letter-probability matrix: alength= 4 w= 11 nsites= 23 E= 0
 0.500000  0.416667  0.041667  0.041667 
 0.500000  0.416667  0.083333  0.000000 
 0.000000  0.958333  0.000000  0.041667 
 1.000000  0.000000  0.000000  0.000000 
 0.000000  1.000000  0.000000  0.000000 
 0.000000  0.958333  0.000000  0.041667 
 0.000000  0.041667  0.083333  0.875000 
 0.000000  0.000000  1.000000  0.000000 
 0.000000  0.416667  0.041667  0.541667 
 0.000000  0.260870  0.130435  0.608696 
 0.304348  0.304348  0.391304  0.000000 

MOTIF HLH54F_da_SANGER_5 HLH54F
letter-probability matrix: alength= 4 w= 11 nsites= 23 E= 0
 0.500000  0.416667  0.041667  0.041667 
 0.500000  0.416667  0.083333  0.000000 
 0.000000  0.958333  0.000000  0.041667 
 1.000000  0.000000  0.000000  0.000000 
 0.000000  1.000000  0.000000  0.000000 
 0.000000  0.958333  0.000000  0.041667 
 0.000000  0.041667  0.083333  0.875000 
 0.000000  0.000000  1.000000  0.000000 
 0.000000  0.416667  0.041667  0.541667 
 0.000000  0.260870  0.130435  0.608696 
 0.304348  0.304348  0.391304  0.000000 

