MEME version 5

ALPHABET= ACGT

strands: + -

Background letter frequencies
A 0.25 C 0.25 G 0.25 T 0.25

MOTIF ab_SANGER_10 ab
letter-probability matrix: alength= 4 w= 21 nsites= 20 E= 0
 0.000000  0.300000  0.400000  0.300000 
 0.500000  0.150000  0.050000  0.300000 
 0.200000  0.250000  0.500000  0.050000 
 0.350000  0.000000  0.650000  0.000000 
 0.000000  1.000000  0.000000  0.000000 
 0.000000  1.000000  0.000000  0.000000 
 1.000000  0.000000  0.000000  0.000000 
 0.000000  0.000000  1.000000  0.000000 
 0.000000  0.000000  1.000000  0.000000 
 0.550000  0.100000  0.000000  0.350000 
 0.350000  0.650000  0.000000  0.000000 
 0.050000  0.700000  0.050000  0.200000 
 0.200000  0.450000  0.050000  0.300000 
 0.450000  0.250000  0.150000  0.150000 
 0.200000  0.100000  0.050000  0.650000 
 0.100000  0.250000  0.200000  0.450000 
 0.400000  0.250000  0.050000  0.300000 
 0.400000  0.100000  0.150000  0.350000 
 0.250000  0.100000  0.550000  0.100000 
 0.500000  0.250000  0.150000  0.100000 
 0.300000  0.250000  0.450000  0.000000 

MOTIF ab_SOLEXA_5 ab
letter-probability matrix: alength= 4 w= 26 nsites= 446 E= 0
 0.2860262  0.3449782  0.1768559  0.1921397 
 0.2885033  0.4078091  0.1995662  0.1041215 
 0.2429501  0.3644252  0.1908894  0.2017354 
 0.1952278  0.3752711  0.2299349  0.1995662 
 0.3210412  0.2603037  0.1149675  0.3036876 
 0.2212581  0.4229935  0.2624729  0.09327549 
 0.4121475  0.04121475  0.4490239  0.09761388 
 0.002169197  0.9826464  0.000000  0.01518438 
 0.000000  0.9869848  0.000000  0.01301518 
 0.9739696  0.002169197  0.000000  0.02386117 
 0.000000  0.000000  0.989154  0.01084599 
 0.000000  0.000000  0.9978308  0.002169197 
 0.648590  0.06290672  0.01735358  0.2711497 
 0.2819957  0.7071584  0.004338395  0.006507592 
 0.05422993  0.8112798  0.03470716  0.09978308 
 0.1171367  0.4273319  0.0867679  0.3687636 
 0.373102  0.2776573  0.1518438  0.197397 
 0.3058568  0.2494577  0.07809111  0.3665944 
 0.2255965  0.2819957  0.1518438  0.340564 
 0.3123644  0.308026  0.1301518  0.2494577 
 0.340564  0.2581345  0.2212581  0.1800434 
 0.362256  0.2342733  0.2472885  0.1561822 
 0.4663774  0.2776573  0.1626898  0.09327549 
 0.4251627  0.2689805  0.1800434  0.1258134 
 0.4368132  0.2115385  0.1813187  0.1703297 
 0.4742857  0.1942857  0.1428571  0.1885714 

MOTIF Abd-A_FlyReg abd-A
letter-probability matrix: alength= 4 w= 8 nsites= 37 E= 0
 0.1351351  0.05405405  0.3513514  0.4594595 
 0.2702703  0.4054054  0.08108108  0.2432432 
 0.5945946  0.4054054  0.000000  0.000000 
 0.972973  0.000000  0.000000  0.02702703 
 0.000000  0.000000  0.000000  1.000000 
 0.2972973  0.05405405  0.000000  0.6486486 
 0.8918919  0.02702703  0.000000  0.08108108 
 0.4864865  0.05405405  0.1081081  0.3513514 

MOTIF Abd-B_FlyReg Abd-B
letter-probability matrix: alength= 4 w= 8 nsites= 7 E= 0
 0.1428571  0.2857143  0.000000  0.5714286 
 0.1428571  0.7142857  0.1428571  0.000000 
 0.8571429  0.000000  0.1428571  0.000000 
 0.000000  0.000000  0.000000  1.000000 
 1.000000  0.000000  0.000000  0.000000 
 1.000000  0.000000  0.000000  0.000000 
 0.8571429  0.000000  0.000000  0.1428571 
 0.7142857  0.000000  0.1428571  0.1428571 

MOTIF AbdA_Cell abd-A
letter-probability matrix: alength= 4 w= 7 nsites= 18 E= 0
 0.05555556  0.1666667  0.000000  0.7777778 
 0.000000  0.000000  0.000000  1.000000 
 0.8888889  0.000000  0.000000  0.1111111 
 1.000000  0.000000  0.000000  0.000000 
 0.05555556  0.000000  0.000000  0.9444444 
 0.000000  0.000000  0.3333333  0.6666667 
 0.8333333  0.05555556  0.1111111  0.000000 

MOTIF AbdA_SOLEXA abd-A
letter-probability matrix: alength= 4 w= 8 nsites= 662 E= 0
 0.2084592  0.2265861  0.2145015  0.3504532 
 0.1329305  0.1404834  0.07099698  0.6555891 
 0.01510574  0.000000  0.01661631  0.9682779 
 0.8126888  0.02870091  0.01057402  0.1480363 
 0.9833837  0.00755287  0.009063444  0.000000 
 0.00755287  0.05287009  0.02719033  0.9123867 
 0.06344411  0.02416918  0.4561934  0.4561934 
 0.6691843  0.000000  0.3126888  0.01812689 

MOTIF AbdB_Cell Abd-B
letter-probability matrix: alength= 4 w= 9 nsites= 21 E= 0
 0.04761905  0.2380952  0.5714286  0.1428571 
 0.2857143  0.04761905  0.0952381  0.5714286 
 0.04761905  0.000000  0.000000  0.952381 
 0.000000  0.000000  0.000000  1.000000 
 0.2380952  0.000000  0.000000  0.7619048 
 1.000000  0.000000  0.000000  0.000000 
 0.000000  0.1428571  0.000000  0.8571429 
 0.1428571  0.000000  0.5238095  0.3333333 
 0.6190476  0.000000  0.2380952  0.1428571 

MOTIF AbdB_SOLEXA Abd-B
letter-probability matrix: alength= 4 w= 8 nsites= 2704 E= 0
 0.2289201  0.1919379  0.2015533  0.3775888 
 0.1272189  0.07433432  0.09319527  0.7052515 
 0.02255917  0.000000  0.000000  0.9774408 
 0.4156805  0.01220414  0.01405325  0.5580621 
 1.000000  0.000000  0.000000  0.000000 
 0.02034024  0.2329882  0.0262574  0.7204142 
 0.1660503  0.02292899  0.4811391  0.3298817 
 0.5569527  0.03254438  0.312500  0.09800296 

MOTIF ac_da_SANGER_5 ac
letter-probability matrix: alength= 4 w= 8 nsites= 19 E= 0
 0.5263158  0.05263158  0.3684211  0.05263158 
 0.000000  1.000000  0.000000  0.000000 
 1.000000  0.000000  0.000000  0.000000 
 0.000000  0.9473684  0.05263158  0.000000 
 0.000000  1.000000  0.000000  0.000000 
 0.000000  0.000000  0.000000  1.000000 
 0.000000  0.000000  1.000000  0.000000 
 0.000000  0.7894737  0.000000  0.2105263 

MOTIF ac_da_SANGER_5 da
letter-probability matrix: alength= 4 w= 8 nsites= 19 E= 0
 0.5263158  0.05263158  0.3684211  0.05263158 
 0.000000  1.000000  0.000000  0.000000 
 1.000000  0.000000  0.000000  0.000000 
 0.000000  0.9473684  0.05263158  0.000000 
 0.000000  1.000000  0.000000  0.000000 
 0.000000  0.000000  0.000000  1.000000 
 0.000000  0.000000  1.000000  0.000000 
 0.000000  0.7894737  0.000000  0.2105263 

MOTIF Achi_Cell achi
letter-probability matrix: alength= 4 w= 7 nsites= 23 E= 0
 0.173913  0.1304348  0.04347826  0.6521739 
 0.2608696  0.173913  0.04347826  0.5217391 
 0.000000  0.000000  0.000000  1.000000 
 0.000000  0.000000  1.000000  0.000000 
 1.000000  0.000000  0.000000  0.000000 
 0.000000  0.9565217  0.000000  0.04347826 
 1.000000  0.000000  0.000000  0.000000 

MOTIF Achi_SOLEXA achi
letter-probability matrix: alength= 4 w= 6 nsites= 368 E= 0
 0.201087  0.201087  0.1059783  0.4918478 
 0.000000  0.000000  0.000000  1.000000 
 0.06521739  0.000000  0.9347826  0.000000 
 1.000000  0.000000  0.000000  0.000000 
 0.000000  1.000000  0.000000  0.000000 
 0.9211957  0.000000  0.07880435  0.000000 

MOTIF acj6_SOLEXA_5 acj6
letter-probability matrix: alength= 4 w= 21 nsites= 2950 E= 0
 0.1773743  0.2210196  0.3152933  0.2863128 
 0.1693878  0.2146259  0.2996599  0.3163265 
 0.1324658  0.2412412  0.3259927  0.3003003 
 0.1241241  0.2369036  0.3400067  0.2989656 
 0.1167835  0.3003003  0.2445779  0.3383383 
 0.2382382  0.2355689  0.285619  0.2405739 
 0.09275943  0.1147814  0.1418085  0.6506507 
 0.04304304  0.01468135  0.8428428  0.09943277 
 0.4671338  0.4828161  0.03103103  0.01901902 
 0.8898899  0.0303637  0.01735068  0.06239573 
 0.01434768  0.004337671  0.01067734  0.9706373 
 0.4137471  0.08541875  0.1581582  0.342676 
 0.3033033  0.1751752  0.1531532  0.3683684 
 0.1945279  0.1611612  0.1715048  0.4728061 
 0.1614948  0.09142476  0.1164498  0.6306306 
 0.4874875  0.06506507  0.1991992  0.2482482 
 0.7744411  0.03303303  0.1004338  0.09209209 
 0.1207875  0.08575242  0.2075409  0.5859193 
 0.1394728  0.1317985  0.4194194  0.3093093 
 0.337274  0.1731572  0.3028512  0.1867177 
 0.1831107  0.1990521  0.4317105  0.1861267 

MOTIF Adf1_FlyReg Adf1
letter-probability matrix: alength= 4 w= 8 nsites= 7 E= 0
 0.1428571  0.8571429  0.000000  0.000000 
 0.000000  0.000000  1.000000  0.000000 
 0.7142857  0.000000  0.2857143  0.000000 
 0.000000  0.8571429  0.000000  0.1428571 
 0.000000  0.5714286  0.000000  0.4285714 
 0.000000  0.000000  1.000000  0.000000 
 0.000000  1.000000  0.000000  0.000000 
 0.2857143  0.000000  0.7142857  0.000000 

MOTIF Adf1_SANGER_5 Adf1
letter-probability matrix: alength= 4 w= 15 nsites= 11 E= 0
 0.09090909  0.4545455  0.000000  0.4545455 
 0.6363636  0.2727273  0.09090909  0.000000 
 0.1818182  0.5454545  0.1818182  0.09090909 
 0.3636364  0.6363636  0.000000  0.000000 
 0.2727273  0.000000  0.7272727  0.000000 
 0.000000  0.000000  0.9090909  0.09090909 
 0.000000  1.000000  0.000000  0.000000 
 1.000000  0.000000  0.000000  0.000000 
 0.000000  0.09090909  0.9090909  0.000000 
 0.7272727  0.09090909  0.1818182  0.000000 
 0.000000  0.000000  1.000000  0.000000 
 0.6363636  0.2727273  0.09090909  0.000000 
 0.3636364  0.3636364  0.000000  0.2727273 
 0.4545455  0.1818182  0.2727273  0.09090909 
 0.6363636  0.3636364  0.000000  0.000000 

MOTIF Aef1_FlyReg Aef1
letter-probability matrix: alength= 4 w= 8 nsites= 3 E= 0
 0.000000  1.000000  0.000000  0.000000 
 1.000000  0.000000  0.000000  0.000000 
 1.000000  0.000000  0.000000  0.000000 
 0.000000  1.000000  0.000000  0.000000 
 0.6666667  0.000000  0.000000  0.3333333 
 1.000000  0.000000  0.000000  0.000000 
 0.000000  1.000000  0.000000  0.000000 
 0.6666667  0.000000  0.000000  0.3333333 

MOTIF Aef1_SANGER_5 Aef1
letter-probability matrix: alength= 4 w= 11 nsites= 12 E= 0
 0.500000  0.1666667  0.3333333  0.000000 
 0.000000  1.000000  0.000000  0.000000 
 1.000000  0.000000  0.000000  0.000000 
 1.000000  0.000000  0.000000  0.000000 
 0.000000  1.000000  0.000000  0.000000 
 1.000000  0.000000  0.000000  0.000000 
 1.000000  0.000000  0.000000  0.000000 
 0.000000  1.000000  0.000000  0.000000 
 1.000000  0.000000  0.000000  0.000000 
 0.750000  0.250000  0.000000  0.000000 
 0.1666667  0.750000  0.000000  0.08333333 

MOTIF Al_Cell al
letter-probability matrix: alength= 4 w= 7 nsites= 20 E= 0
 0.000000  0.000000  0.000000  1.000000 
 1.000000  0.000000  0.000000  0.000000 
 1.000000  0.000000  0.000000  0.000000 
 0.000000  0.000000  0.000000  1.000000 
 0.000000  0.000000  0.000000  1.000000 
 0.850000  0.000000  0.150000  0.000000 
 0.900000  0.000000  0.100000  0.000000 

MOTIF Al_SOLEXA al
letter-probability matrix: alength= 4 w= 9 nsites= 400 E= 0
 0.1896552  0.3517241  0.1482759  0.3103448 
 0.2084433  0.2638522  0.3218997  0.2058047 
 0.08064516  0.500000  0.02073733  0.3986175 
 0.004608295  0.000000  0.000000  0.9953917 
 0.9769585  0.02304147  0.000000  0.000000 
 0.9723502  0.02764977  0.000000  0.000000 
 0.000000  0.000000  0.02304147  0.9769585 
 0.01152074  0.006912442  0.05529954  0.9262673 
 0.6272727  0.01515152  0.3272727  0.03030303 

MOTIF amos_da_SANGER_10 da
letter-probability matrix: alength= 4 w= 11 nsites= 23 E= 0
 0.5652174  0.04347826  0.3478261  0.04347826 
 0.3043478  0.5652174  0.000000  0.1304348 
 0.000000  1.000000  0.000000  0.000000 
 1.000000  0.000000  0.000000  0.000000 
 0.000000  0.3043478  0.04347826  0.6521739 
 0.3043478  0.6956522  0.000000  0.000000 
 0.000000  0.000000  0.000000  1.000000 
 0.000000  0.000000  1.000000  0.000000 
 0.08695652  0.3913043  0.2608696  0.2608696 
 0.08695652  0.5652174  0.1304348  0.2173913 
 0.2608696  0.3043478  0.4347826  0.000000 

MOTIF amos_da_SANGER_10 amos
letter-probability matrix: alength= 4 w= 11 nsites= 23 E= 0
 0.5652174  0.04347826  0.3478261  0.04347826 
 0.3043478  0.5652174  0.000000  0.1304348 
 0.000000  1.000000  0.000000  0.000000 
 1.000000  0.000000  0.000000  0.000000 
 0.000000  0.3043478  0.04347826  0.6521739 
 0.3043478  0.6956522  0.000000  0.000000 
 0.000000  0.000000  0.000000  1.000000 
 0.000000  0.000000  1.000000  0.000000 
 0.08695652  0.3913043  0.2608696  0.2608696 
 0.08695652  0.5652174  0.1304348  0.2173913 
 0.2608696  0.3043478  0.4347826  0.000000 

MOTIF Antp_Cell Antp
letter-probability matrix: alength= 4 w= 8 nsites= 16 E= 0
 0.062500  0.312500  0.125000  0.500000 
 0.062500  0.062500  0.000000  0.875000 
 0.000000  0.000000  0.000000  1.000000 
 1.000000  0.000000  0.000000  0.000000 
 1.000000  0.000000  0.000000  0.000000 
 0.000000  0.000000  0.000000  1.000000 
 0.000000  0.000000  0.562500  0.437500 
 0.937500  0.000000  0.062500  0.000000 

MOTIF Antp_FlyReg Antp
letter-probability matrix: alength= 4 w= 6 nsites= 12 E= 0
 0.6666667  0.000000  0.000000  0.3333333 
 0.000000  0.000000  0.000000  1.000000 
 0.9166667  0.000000  0.08333333  0.000000 
 1.000000  0.000000  0.000000  0.000000 
 0.000000  0.000000  0.250000  0.750000 
 0.250000  0.000000  0.000000  0.750000 

MOTIF Antp_SOLEXA Antp
letter-probability matrix: alength= 4 w= 8 nsites= 1562 E= 0
 0.2087068  0.2567222  0.206146  0.3284251 
 0.1408451  0.1952625  0.08514725  0.5787452 
 0.06786172  0.000000  0.01024328  0.921895 
 0.793854  0.04801536  0.009603073  0.1485275 
 0.9615877  0.03841229  0.000000  0.000000 
 0.0006402049  0.07490397  0.03713188  0.8873239 
 0.06466069  0.03329065  0.4622279  0.4398207 
 0.5806658  0.0134443  0.3617157  0.04417414 

MOTIF aop_SANGER_10 aop
letter-probability matrix: alength= 4 w= 9 nsites= 19 E= 0
 0.5263158  0.1578947  0.3157895  0.000000 
 0.000000  0.8947368  0.1052632  0.000000 
 0.000000  1.000000  0.000000  0.000000 
 0.000000  0.000000  1.000000  0.000000 
 0.000000  0.000000  1.000000  0.000000 
 1.000000  0.000000  0.000000  0.000000 
 0.9473684  0.000000  0.000000  0.05263158 
 0.2631579  0.000000  0.7368421  0.000000 
 0.05263158  0.3157895  0.000000  0.6315789 

MOTIF Ap_Cell ap
letter-probability matrix: alength= 4 w= 8 nsites= 19 E= 0
 0.2631579  0.2105263  0.4736842  0.05263158 
 0.1052632  0.5263158  0.000000  0.3684211 
 0.05263158  0.000000  0.000000  0.9473684 
 1.000000  0.000000  0.000000  0.000000 
 1.000000  0.000000  0.000000  0.000000 
 0.000000  0.000000  0.000000  1.000000 
 0.000000  0.000000  0.3157895  0.6842105 
 0.8421053  0.000000  0.1578947  0.000000 

MOTIF ap_FlyReg ap
letter-probability matrix: alength= 4 w= 6 nsites= 12 E= 0
 0.08333333  0.3333333  0.1666667  0.4166667 
 1.000000  0.000000  0.000000  0.000000 
 1.000000  0.000000  0.000000  0.000000 
 0.000000  0.08333333  0.08333333  0.8333333 
 0.3333333  0.250000  0.08333333  0.3333333 
 0.9166667  0.000000  0.08333333  0.000000 

MOTIF Ap_SOLEXA ap
letter-probability matrix: alength= 4 w= 7 nsites= 3067 E= 0
 0.145419  0.3231171  0.1150962  0.4163678 
 0.0430388  0.02347571  0.000000  0.9334855 
 0.949136  0.000000  0.01662863  0.03423541 
 0.987284  0.000000  0.01271601  0.000000 
 0.007825236  0.1102054  0.000000  0.8819694 
 0.1157483  0.05803717  0.2957287  0.5304858 
 0.6804695  0.02314966  0.2758396  0.02054125 

MOTIF Ara_Cell ara
letter-probability matrix: alength= 4 w= 8 nsites= 34 E= 0
 0.3529412  0.1470588  0.2941176  0.2058824 
 0.4705882  0.2058824  0.1764706  0.1470588 
 0.7058824  0.02941176  0.02941176  0.2352941 
 0.4117647  0.000000  0.1470588  0.4411765 
 0.6764706  0.000000  0.000000  0.3235294 
 1.000000  0.000000  0.000000  0.000000 
 0.000000  1.000000  0.000000  0.000000 
 1.000000  0.000000  0.000000  0.000000 

MOTIF Ara_SOLEXA ara
letter-probability matrix: alength= 4 w= 6 nsites= 313 E= 0
 0.4952077  0.115016  0.1405751  0.2492013 
 0.3099042  0.000000  0.143770  0.5463259 
 0.6166134  0.000000  0.1214058  0.2619808 
 1.000000  0.000000  0.000000  0.000000 
 0.000000  1.000000  0.000000  0.000000 
 1.000000  0.000000  0.000000  0.000000 

MOTIF ase_da_SANGER_10 ase
letter-probability matrix: alength= 4 w= 7 nsites= 23 E= 0
 0.000000  0.9565217  0.04347826  0.000000 
 1.000000  0.000000  0.000000  0.000000 
 0.000000  0.826087  0.04347826  0.1304348 
 0.000000  1.000000  0.000000  0.000000 
 0.000000  0.000000  0.000000  1.000000 
 0.000000  0.000000  1.000000  0.000000 
 0.000000  0.7391304  0.000000  0.2608696 

MOTIF ase_da_SANGER_10 da
letter-probability matrix: alength= 4 w= 7 nsites= 23 E= 0
 0.000000  0.9565217  0.04347826  0.000000 
 1.000000  0.000000  0.000000  0.000000 
 0.000000  0.826087  0.04347826  0.1304348 
 0.000000  1.000000  0.000000  0.000000 
 0.000000  0.000000  0.000000  1.000000 
 0.000000  0.000000  1.000000  0.000000 
 0.000000  0.7391304  0.000000  0.2608696 

MOTIF Atf-2_SANGER_5 Atf-2
letter-probability matrix: alength= 4 w= 11 nsites= 8 E= 0
 0.625000  0.000000  0.375000  0.000000 
 0.000000  0.125000  0.000000  0.875000 
 0.000000  0.500000  0.500000  0.000000 
 0.875000  0.000000  0.000000  0.125000 
 0.125000  0.875000  0.000000  0.000000 
 0.000000  0.000000  1.000000  0.000000 
 0.000000  0.000000  0.000000  1.000000 
 0.000000  1.000000  0.000000  0.000000 
 0.875000  0.000000  0.125000  0.000000 
 0.000000  0.000000  0.000000  1.000000 
 0.250000  0.625000  0.000000  0.125000 

MOTIF Atf6_SANGER_5 Atf6
letter-probability matrix: alength= 4 w= 12 nsites= 6 E= 0
 0.000000  0.000000  1.000000  0.000000 
 0.1666667  0.6666667  0.1666667  0.000000 
 0.000000  0.000000  0.000000  1.000000 
 0.000000  0.000000  1.000000  0.000000 
 0.8333333  0.1666667  0.000000  0.000000 
 0.000000  1.000000  0.000000  0.000000 
 0.000000  0.000000  0.8333333  0.1666667 
 0.000000  0.000000  0.000000  1.000000 
 0.000000  0.000000  1.000000  0.000000 
 0.1666667  0.000000  0.6666667  0.1666667 
 0.3333333  0.6666667  0.000000  0.000000 
 1.000000  0.000000  0.000000  0.000000 

MOTIF ato_da_SANGER_10 da
letter-probability matrix: alength= 4 w= 11 nsites= 23 E= 0
 0.3478261  0.4782609  0.173913  0.000000 
 0.000000  1.000000  0.000000  0.000000 
 1.000000  0.000000  0.000000  0.000000 
 0.000000  0.6086957  0.04347826  0.3478261 
 0.3478261  0.6521739  0.000000  0.000000 
 0.000000  0.000000  0.000000  1.000000 
 0.000000  0.000000  1.000000  0.000000 
 0.3043478  0.1304348  0.1304348  0.4347826 
 0.000000  0.826087  0.000000  0.173913 
 0.4782609  0.1304348  0.3043478  0.08695652 
 0.1304348  0.5652174  0.08695652  0.2173913 

MOTIF ato_da_SANGER_10 ato
letter-probability matrix: alength= 4 w= 11 nsites= 23 E= 0
 0.3478261  0.4782609  0.173913  0.000000 
 0.000000  1.000000  0.000000  0.000000 
 1.000000  0.000000  0.000000  0.000000 
 0.000000  0.6086957  0.04347826  0.3478261 
 0.3478261  0.6521739  0.000000  0.000000 
 0.000000  0.000000  0.000000  1.000000 
 0.000000  0.000000  1.000000  0.000000 
 0.3043478  0.1304348  0.1304348  0.4347826 
 0.000000  0.826087  0.000000  0.173913 
 0.4782609  0.1304348  0.3043478  0.08695652 
 0.1304348  0.5652174  0.08695652  0.2173913 

MOTIF ato_da_SANGER_5_2 da
letter-probability matrix: alength= 4 w= 9 nsites= 22 E= 0
 0.09090909  0.09090909  0.8181818  0.000000 
 0.3636364  0.3636364  0.04545455  0.2272727 
 0.000000  1.000000  0.000000  0.000000 
 1.000000  0.000000  0.000000  0.000000 
 0.000000  0.000000  0.5909091  0.4090909 
 0.4090909  0.1363636  0.3636364  0.09090909 
 0.000000  0.000000  0.000000  1.000000 
 0.000000  0.000000  1.000000  0.000000 
 0.04545455  0.2272727  0.2727273  0.4545455 

MOTIF ato_da_SANGER_5_2 ato
letter-probability matrix: alength= 4 w= 9 nsites= 22 E= 0
 0.09090909  0.09090909  0.8181818  0.000000 
 0.3636364  0.3636364  0.04545455  0.2272727 
 0.000000  1.000000  0.000000  0.000000 
 1.000000  0.000000  0.000000  0.000000 
 0.000000  0.000000  0.5909091  0.4090909 
 0.4090909  0.1363636  0.3636364  0.09090909 
 0.000000  0.000000  0.000000  1.000000 
 0.000000  0.000000  1.000000  0.000000 
 0.04545455  0.2272727  0.2727273  0.4545455 

MOTIF ato_da_SANGER_5_3 da
letter-probability matrix: alength= 4 w= 9 nsites= 19 E= 0
 0.3684211  0.4736842  0.1578947  0.000000 
 0.000000  1.000000  0.000000  0.000000 
 0.9473684  0.000000  0.05263158  0.000000 
 0.000000  0.5263158  0.05263158  0.4210526 
 0.3684211  0.6315789  0.000000  0.000000 
 0.05263158  0.000000  0.000000  0.9473684 
 0.000000  0.000000  1.000000  0.000000 
 0.3157895  0.3684211  0.1578947  0.1578947 
 0.1578947  0.7368421  0.05263158  0.05263158 

MOTIF ato_da_SANGER_5_3 ato
letter-probability matrix: alength= 4 w= 9 nsites= 19 E= 0
 0.3684211  0.4736842  0.1578947  0.000000 
 0.000000  1.000000  0.000000  0.000000 
 0.9473684  0.000000  0.05263158  0.000000 
 0.000000  0.5263158  0.05263158  0.4210526 
 0.3684211  0.6315789  0.000000  0.000000 
 0.05263158  0.000000  0.000000  0.9473684 
 0.000000  0.000000  1.000000  0.000000 
 0.3157895  0.3684211  0.1578947  0.1578947 
 0.1578947  0.7368421  0.05263158  0.05263158 

MOTIF Awh_Cell Awh
letter-probability matrix: alength= 4 w= 7 nsites= 40 E= 0
 0.075000  0.400000  0.000000  0.525000 
 0.025000  0.000000  0.000000  0.975000 
 0.825000  0.000000  0.175000  0.000000 
 1.000000  0.000000  0.000000  0.000000 
 0.000000  0.000000  0.025000  0.975000 
 0.000000  0.000000  0.200000  0.800000 
 0.850000  0.000000  0.100000  0.050000 

MOTIF Awh_SOLEXA Awh
letter-probability matrix: alength= 4 w= 7 nsites= 176 E= 0
 0.05113636  0.4204545  0.06818182  0.4602273 
 0.02272727  0.000000  0.005681818  0.9715909 
 0.9261364  0.01136364  0.05681818  0.005681818 
 0.9715909  0.02840909  0.000000  0.000000 
 0.000000  0.03977273  0.01136364  0.9488636 
 0.01704545  0.01136364  0.312500  0.6590909 
 0.7045455  0.02272727  0.2613636  0.01136364 

MOTIF bab1_FlyReg bab1
letter-probability matrix: alength= 4 w= 10 nsites= 6 E= 0
 0.1666667  0.000000  0.000000  0.8333333 
 1.000000  0.000000  0.000000  0.000000 
 0.000000  0.000000  0.000000  1.000000 
 0.3333333  0.000000  0.000000  0.6666667 
 0.6666667  0.000000  0.1666667  0.1666667 
 0.3333333  0.000000  0.000000  0.6666667 
 0.000000  0.000000  0.000000  1.000000 
 0.500000  0.000000  0.500000  0.000000 
 0.000000  0.000000  0.000000  1.000000 
 0.000000  0.000000  0.1666667  0.8333333 

MOTIF bab1_SANGER_5 bab1
letter-probability matrix: alength= 4 w= 11 nsites= 20 E= 0
 0.100000  0.100000  0.650000  0.150000 
 0.950000  0.000000  0.000000  0.050000 
 0.950000  0.000000  0.000000  0.050000 
 0.150000  0.000000  0.050000  0.800000 
 0.150000  0.000000  0.000000  0.850000 
 1.000000  0.000000  0.000000  0.000000 
 0.700000  0.000000  0.000000  0.300000 
 1.000000  0.000000  0.000000  0.000000 
 0.000000  0.000000  0.000000  1.000000 
 0.950000  0.000000  0.050000  0.000000 
 0.250000  0.100000  0.000000  0.650000 

MOTIF Bap_Cell bap
letter-probability matrix: alength= 4 w= 10 nsites= 23 E= 0
 0.3043478  0.173913  0.173913  0.3478261 
 0.04347826  0.3913043  0.2173913  0.3478261 
 0.000000  0.000000  0.04347826  0.9565217 
 0.000000  0.000000  0.000000  1.000000 
 1.000000  0.000000  0.000000  0.000000 
 1.000000  0.000000  0.000000  0.000000 
 0.000000  0.000000  1.000000  0.000000 
 0.04347826  0.000000  0.000000  0.9565217 
 0.3043478  0.000000  0.6956522  0.000000 
 0.1304348  0.3478261  0.3913043  0.1304348 

MOTIF Bap_SOLEXA bap
letter-probability matrix: alength= 4 w= 8 nsites= 332 E= 0
 0.1656627  0.3373494  0.2981928  0.1987952 
 0.1024096  0.1837349  0.0753012  0.6385542 
 0.006024096  0.000000  0.009036145  0.9849398 
 0.9939759  0.003012048  0.000000  0.003012048 
 0.9216867  0.07831325  0.000000  0.000000 
 0.009036145  0.006024096  0.7349398  0.250000 
 0.05120482  0.03614458  0.1024096  0.810241 
 0.3493976  0.006024096  0.6445783  0.000000 

MOTIF Bcd_Cell bcd
letter-probability matrix: alength= 4 w= 8 nsites= 22 E= 0
 0.04545455  0.2727273  0.4545455  0.2272727 
 0.1363636  0.2272727  0.1363636  0.500000 
 0.000000  0.000000  0.000000  1.000000 
 0.9090909  0.000000  0.000000  0.09090909 
 1.000000  0.000000  0.000000  0.000000 
 0.000000  0.000000  0.04545455  0.9545455 
 0.000000  1.000000  0.000000  0.000000 
 0.000000  0.9545455  0.000000  0.04545455 

MOTIF bcd_FlyReg bcd
letter-probability matrix: alength= 4 w= 8 nsites= 48 E= 0
 0.187500  0.375000  0.062500  0.375000 
 0.1666667  0.062500  0.02083333  0.750000 
 0.937500  0.02083333  0.02083333  0.02083333 
 0.9791667  0.000000  0.02083333  0.000000 
 0.02083333  0.000000  0.3333333  0.6458333 
 0.02083333  0.9166667  0.000000  0.062500 
 0.04166667  0.5416667  0.062500  0.3541667 
 0.1041667  0.250000  0.375000  0.2708333 

MOTIF bcd_NAR bcd
letter-probability matrix: alength= 4 w= 7 nsites= 19 E= 0
 0.1052632  0.3157895  0.1052632  0.4736842 
 0.2105263  0.1052632  0.000000  0.6842105 
 0.9473684  0.000000  0.000000  0.05263158 
 1.000000  0.000000  0.000000  0.000000 
 0.05263158  0.000000  0.2631579  0.6842105 
 0.000000  0.8947368  0.000000  0.1052632 
 0.000000  0.4736842  0.000000  0.5263158 

MOTIF Bcd_SOLEXA bcd
letter-probability matrix: alength= 4 w= 7 nsites= 210 E= 0
 0.1214953  0.2850467  0.1261682  0.4672897 
 0.1023256  0.01395349  0.004651163  0.8790698 
 1.000000  0.000000  0.000000  0.000000 
 0.9861111  0.01388889  0.000000  0.000000 
 0.000000  0.009259259  0.09259259  0.8981481 
 0.00462963  0.875000  0.01388889  0.1064815 
 0.1270718  0.6187845  0.08287293  0.1712707 

MOTIF BH1_Cell B-H1
letter-probability matrix: alength= 4 w= 9 nsites= 21 E= 0
 0.04761905  0.2380952  0.5714286  0.1428571 
 0.1904762  0.1904762  0.000000  0.6190476 
 0.000000  0.000000  0.000000  1.000000 
 1.000000  0.000000  0.000000  0.000000 
 1.000000  0.000000  0.000000  0.000000 
 0.3809524  0.000000  0.000000  0.6190476 
 0.04761905  0.3333333  0.000000  0.6190476 
 0.04761905  0.000000  0.952381  0.000000 
 0.3333333  0.1428571  0.3809524  0.1428571 

MOTIF BH1_SOLEXA B-H1
letter-probability matrix: alength= 4 w= 6 nsites= 2484 E= 0
 0.000000  0.000000  0.000000  1.000000 
 1.000000  0.000000  0.000000  0.000000 
 1.000000  0.000000  0.000000  0.000000 
 0.2850242  0.000000  0.02697262  0.6880032 
 0.06924316  0.2560386  0.08534622  0.589372 
 0.2206119  0.000000  0.7399356  0.0394525 

MOTIF BH2_Cell B-H2
letter-probability matrix: alength= 4 w= 9 nsites= 21 E= 0
 0.0952381  0.3333333  0.3333333  0.2380952 
 0.2857143  0.0952381  0.04761905  0.5714286 
 0.000000  0.000000  0.000000  1.000000 
 1.000000  0.000000  0.000000  0.000000 
 1.000000  0.000000  0.000000  0.000000 
 0.2380952  0.000000  0.000000  0.7619048 
 0.1428571  0.04761905  0.0952381  0.7142857 
 0.000000  0.000000  1.000000  0.000000 
 0.2380952  0.1904762  0.5238095  0.04761905 

MOTIF BH2_SOLEXA B-H2
letter-probability matrix: alength= 4 w= 8 nsites= 917 E= 0
 0.1832061  0.2311887  0.3151581  0.2704471 
 0.1984733  0.2279171  0.0610687  0.5125409 
 0.03380589  0.000000  0.000000  0.9661941 
 1.000000  0.000000  0.000000  0.000000 
 1.000000  0.000000  0.000000  0.000000 
 0.2377317  0.000000  0.03707743  0.7251908 
 0.08178844  0.2846238  0.1145038  0.519084 
 0.2868048  0.1014177  0.5899673  0.02181025 

MOTIF bin_FlyReg bin
letter-probability matrix: alength= 4 w= 10 nsites= 5 E= 0
 0.000000  0.000000  0.000000  1.000000 
 0.800000  0.000000  0.000000  0.200000 
 0.800000  0.000000  0.000000  0.200000 
 0.800000  0.200000  0.000000  0.000000 
 0.000000  1.000000  0.000000  0.000000 
 1.000000  0.000000  0.000000  0.000000 
 0.600000  0.000000  0.400000  0.000000 
 0.400000  0.400000  0.200000  0.000000 
 0.000000  0.000000  1.000000  0.000000 
 0.800000  0.000000  0.200000  0.000000 

MOTIF bin_SANGER_5 bin
letter-probability matrix: alength= 4 w= 7 nsites= 20 E= 0
 0.450000  0.000000  0.500000  0.050000 
 0.000000  0.000000  0.000000  1.000000 
 1.000000  0.000000  0.000000  0.000000 
 1.000000  0.000000  0.000000  0.000000 
 1.000000  0.000000  0.000000  0.000000 
 0.000000  1.000000  0.000000  0.000000 
 0.950000  0.000000  0.000000  0.050000 

MOTIF Blimp-1_NAR Blimp-1
letter-probability matrix: alength= 4 w= 12 nsites= 12 E= 0
 0.3333333  0.000000  0.6666667  0.000000 
 0.9166667  0.000000  0.000000  0.08333333 
 0.8333333  0.08333333  0.08333333  0.000000 
 1.000000  0.000000  0.000000  0.000000 
 0.08333333  0.000000  0.9166667  0.000000 
 0.000000  0.1666667  0.08333333  0.750000 
 0.000000  0.000000  1.000000  0.000000 
 1.000000  0.000000  0.000000  0.000000 
 0.9166667  0.000000  0.08333333  0.000000 
 1.000000  0.000000  0.000000  0.000000 
 0.08333333  0.000000  0.9166667  0.000000 
 0.000000  0.250000  0.000000  0.750000 

MOTIF Blimp-1_SANGER_5 Blimp-1
letter-probability matrix: alength= 4 w= 12 nsites= 8 E= 0
 0.2222222  0.1111111  0.6666667  0.000000 
 0.7777778  0.000000  0.000000  0.2222222 
 1.000000  0.000000  0.000000  0.000000 
 1.000000  0.000000  0.000000  0.000000 
 0.000000  0.000000  0.8888889  0.1111111 
 0.1111111  0.1111111  0.4444444  0.3333333 
 0.000000  0.000000  1.000000  0.000000 
 1.000000  0.000000  0.000000  0.000000 
 1.000000  0.000000  0.000000  0.000000 
 1.000000  0.000000  0.000000  0.000000 
 0.1111111  0.000000  0.7777778  0.1111111 
 0.000000  0.750000  0.000000  0.250000 

MOTIF bowl_SANGER_5 bowl
letter-probability matrix: alength= 4 w= 8 nsites= 11 E= 0
 0.3636364  0.6363636  0.000000  0.000000 
 0.000000  1.000000  0.000000  0.000000 
 0.5833333  0.08333333  0.3333333  0.000000 
 0.000000  0.000000  1.000000  0.000000 
 0.4166667  0.000000  0.08333333  0.500000 
 1.000000  0.000000  0.000000  0.000000 
 0.000000  0.000000  1.000000  0.000000 
 0.000000  0.7272727  0.000000  0.2727273 

MOTIF br_SANGER_10 br
letter-probability matrix: alength= 4 w= 7 nsites= 12 E= 0
 0.08333333  0.000000  0.9166667  0.000000 
 1.000000  0.000000  0.000000  0.000000 
 0.000000  0.000000  0.000000  1.000000 
 0.000000  0.000000  0.000000  1.000000 
 1.000000  0.000000  0.000000  0.000000 
 0.000000  0.08333333  0.9166667  0.000000 
 1.000000  0.000000  0.000000  0.000000 

MOTIF br_SOLEXA_10 br
letter-probability matrix: alength= 4 w= 11 nsites= 358 E= 0
 0.2633136  0.2573964  0.3491124  0.1301775 
 0.2443182  0.2215909  0.1164773  0.4176136 
 0.02486188  0.002762431  0.9502762  0.02209945 
 0.839779  0.05801105  0.000000  0.1022099 
 0.01104972  0.01104972  0.002762431  0.9751381 
 0.008287293  0.000000  0.000000  0.9917127 
 1.000000  0.000000  0.000000  0.000000 
 0.000000  0.000000  1.000000  0.000000 
 0.8895028  0.002762431  0.1022099  0.005524862 
 0.5888889  0.150000  0.05833333  0.2027778 
 0.4333333  0.08888889  0.3472222  0.1305556 

MOTIF br-PA_SANGER_5 br
letter-probability matrix: alength= 4 w= 7 nsites= 11 E= 0
 0.7272727  0.000000  0.2727273  0.000000 
 0.9090909  0.09090909  0.000000  0.000000 
 0.000000  0.000000  0.000000  1.000000 
 1.000000  0.000000  0.000000  0.000000 
 0.000000  0.000000  0.9090909  0.09090909 
 0.000000  0.000000  0.000000  1.000000 
 0.000000  0.000000  0.3636364  0.6363636 

MOTIF br-PE_SANGER_5 br
letter-probability matrix: alength= 4 w= 12 nsites= 10 E= 0
 0.500000  0.000000  0.500000  0.000000 
 0.200000  0.100000  0.000000  0.700000 
 0.200000  0.300000  0.000000  0.500000 
 0.000000  0.700000  0.100000  0.200000 
 0.300000  0.200000  0.300000  0.200000 
 0.300000  0.100000  0.000000  0.600000 
 0.000000  1.000000  0.000000  0.000000 
 0.100000  0.000000  0.100000  0.800000 
 1.000000  0.000000  0.000000  0.000000 
 1.000000  0.000000  0.000000  0.000000 
 0.100000  0.500000  0.000000  0.400000 
 0.200000  0.000000  0.800000  0.000000 

MOTIF br-PL_SANGER_5 br
letter-probability matrix: alength= 4 w= 9 nsites= 11 E= 0
 0.3636364  0.6363636  0.000000  0.000000 
 0.5454545  0.4545455  0.000000  0.000000 
 0.1818182  0.000000  0.1818182  0.6363636 
 1.000000  0.000000  0.000000  0.000000 
 0.000000  0.000000  0.9090909  0.09090909 
 1.000000  0.000000  0.000000  0.000000 
 0.000000  0.5454545  0.2727273  0.1818182 
 0.000000  0.7272727  0.1818182  0.09090909 
 0.7272727  0.09090909  0.000000  0.1818182 

MOTIF br-Z1_FlyReg br
letter-probability matrix: alength= 4 w= 8 nsites= 17 E= 0
 0.7058824  0.000000  0.1176471  0.1764706 
 0.7058824  0.1176471  0.1764706  0.000000 
 0.5294118  0.000000  0.000000  0.4705882 
 0.000000  0.1764706  0.000000  0.8235294 
 0.8235294  0.000000  0.1176471  0.05882353 
 0.05882353  0.2352941  0.5294118  0.1764706 
 0.6470588  0.1764706  0.1176471  0.05882353 
 0.9411765  0.05882353  0.000000  0.000000 

MOTIF br-Z2_FlyReg br
letter-probability matrix: alength= 4 w= 8 nsites= 21 E= 0
 0.3333333  0.1428571  0.04761905  0.4761905 
 0.000000  0.7142857  0.1904762  0.0952381 
 0.000000  0.000000  0.000000  1.000000 
 1.000000  0.000000  0.000000  0.000000 
 0.04761905  0.000000  0.2380952  0.7142857 
 0.0952381  0.2380952  0.2380952  0.4285714 
 0.5714286  0.04761905  0.04761905  0.3333333 
 0.5238095  0.1904762  0.04761905  0.2380952 

MOTIF br-Z3_FlyReg br
letter-probability matrix: alength= 4 w= 8 nsites= 16 E= 0
 0.437500  0.187500  0.187500  0.187500 
 0.750000  0.062500  0.000000  0.187500 
 0.625000  0.000000  0.375000  0.000000 
 0.062500  0.687500  0.000000  0.250000 
 0.000000  0.000000  0.062500  0.937500 
 0.437500  0.000000  0.187500  0.375000 
 0.000000  0.000000  0.625000  0.375000 
 0.000000  0.000000  0.062500  0.937500 

MOTIF br-Z4_FlyReg br
letter-probability matrix: alength= 4 w= 6 nsites= 8 E= 0
 0.625000  0.000000  0.375000  0.000000 
 0.250000  0.625000  0.000000  0.125000 
 0.125000  0.000000  0.000000  0.875000 
 1.000000  0.000000  0.000000  0.000000 
 1.000000  0.000000  0.000000  0.000000 
 0.125000  0.000000  0.000000  0.875000 

MOTIF brk_FlyReg brk
letter-probability matrix: alength= 4 w= 8 nsites= 10 E= 0
 0.100000  0.500000  0.400000  0.000000 
 0.000000  0.400000  0.000000  0.600000 
 0.000000  0.000000  1.000000  0.000000 
 0.000000  0.000000  1.000000  0.000000 
 0.000000  1.000000  0.000000  0.000000 
 0.100000  0.000000  0.900000  0.000000 
 0.100000  0.800000  0.000000  0.100000 
 0.000000  0.500000  0.100000  0.400000 

MOTIF Bsh_Cell bsh
letter-probability matrix: alength= 4 w= 9 nsites= 16 E= 0
 0.187500  0.312500  0.062500  0.437500 
 0.062500  0.187500  0.125000  0.625000 
 0.000000  0.000000  0.000000  1.000000 
 1.000000  0.000000  0.000000  0.000000 
 1.000000  0.000000  0.000000  0.000000 
 0.000000  0.062500  0.000000  0.937500 
 0.000000  0.187500  0.375000  0.437500 
 0.437500  0.000000  0.562500  0.000000 
 0.187500  0.187500  0.562500  0.062500 

MOTIF Bsh_SOLEXA bsh
letter-probability matrix: alength= 4 w= 7 nsites= 1347 E= 0
 0.2160356  0.2427617  0.1306607  0.4105419 
 0.0155902  0.000000  0.02524128  0.9591685 
 0.9673348  0.01484781  0.005939124  0.01187825 
 0.9799555  0.01262064  0.007423905  0.000000 
 0.01262064  0.1336303  0.04083148  0.8129176 
 0.01781737  0.1521901  0.4387528  0.3912398 
 0.5783222  0.01113586  0.3578322  0.05270973 

MOTIF BtbVII_SANGER_5 BtbVII
letter-probability matrix: alength= 4 w= 10 nsites= 20 E= 0
 0.400000  0.500000  0.100000  0.000000 
 0.050000  0.250000  0.250000  0.450000 
 0.000000  0.150000  0.000000  0.850000 
 1.000000  0.000000  0.000000  0.000000 
 0.000000  0.000000  0.000000  1.000000 
 0.250000  0.000000  0.650000  0.100000 
 0.000000  0.000000  0.000000  1.000000 
 0.800000  0.000000  0.200000  0.000000 
 0.100000  0.450000  0.000000  0.450000 
 0.700000  0.150000  0.000000  0.150000 

MOTIF btd_NAR btd
letter-probability matrix: alength= 4 w= 10 nsites= 29 E= 0
 0.4827586  0.1034483  0.2413793  0.1724138 
 0.3448276  0.000000  0.6551724  0.000000 
 0.137931  0.000000  0.6206897  0.2413793 
 0.06896552  0.000000  0.9310345  0.000000 
 0.000000  0.000000  1.000000  0.000000 
 0.000000  0.000000  1.000000  0.000000 
 0.06896552  0.9310345  0.000000  0.000000 
 0.000000  0.000000  1.000000  0.000000 
 0.000000  0.000000  0.6896552  0.3103448 
 0.5172414  0.03448276  0.3103448  0.137931 

MOTIF Bteb2_SANGER_2.5 Bteb2
letter-probability matrix: alength= 4 w= 8 nsites= 12 E= 0
 0.1666667  0.08333333  0.750000  0.000000 
 0.000000  0.000000  1.000000  0.000000 
 0.000000  0.000000  1.000000  0.000000 
 0.000000  0.000000  1.000000  0.000000 
 0.000000  0.000000  1.000000  0.000000 
 0.000000  1.000000  0.000000  0.000000 
 0.000000  0.000000  1.000000  0.000000 
 0.000000  0.000000  0.3333333  0.6666667 

MOTIF Bteb2_SOLEXA_2.5 Bteb2
letter-probability matrix: alength= 4 w= 14 nsites= 322 E= 0
 0.2483221  0.1409396  0.3053691  0.3053691 
 0.3164557  0.2088608  0.1550633  0.3196203 
 0.4738462  0.04307692  0.3353846  0.1476923 
 0.2430769  0.006153846  0.7292308  0.02153846 
 0.009230769  0.000000  0.7661538  0.2246154 
 0.01538462  0.000000  0.9569231  0.02769231 
 0.003076923  0.000000  0.9384615  0.05846154 
 0.009230769  0.000000  0.9784615  0.01230769 
 0.02461538  0.920000  0.000000  0.05538462 
 0.006153846  0.000000  0.9753846  0.01846154 
 0.000000  0.000000  0.3384615  0.6615385 
 0.4430769  0.08307692  0.2738462  0.200000 
 0.2553846  0.1723077  0.1753846  0.3969231 
 0.2546584  0.3695652  0.1645963  0.2111801 

MOTIF Btn_Cell btn
letter-probability matrix: alength= 4 w= 8 nsites= 23 E= 0
 0.173913  0.3913043  0.2173913  0.2173913 
 0.2173913  0.04347826  0.173913  0.5652174 
 0.000000  0.000000  0.000000  1.000000 
 0.9565217  0.000000  0.04347826  0.000000 
 1.000000  0.000000  0.000000  0.000000 
 0.000000  0.04347826  0.000000  0.9565217 
 0.000000  0.000000  0.6521739  0.3478261 
 0.826087  0.000000  0.1304348  0.04347826 

MOTIF Btn_SOLEXA btn
letter-probability matrix: alength= 4 w= 7 nsites= 526 E= 0
 0.1653992  0.2509506  0.1159696  0.4676806 
 0.009505703  0.007604563  0.000000  0.9828897 
 0.9676806  0.01520913  0.009505703  0.007604563 
 0.9904943  0.007604563  0.001901141  0.000000 
 0.000000  0.03612167  0.03231939  0.9315589 
 0.007604563  0.03802281  0.4657795  0.4885932 
 0.7775665  0.000000  0.1939163  0.02851711 

MOTIF byn_FlyReg byn
letter-probability matrix: alength= 4 w= 8 nsites= 9 E= 0
 0.8888889  0.000000  0.000000  0.1111111 
 0.4444444  0.000000  0.2222222  0.3333333 
 0.000000  0.000000  0.8888889  0.1111111 
 0.000000  0.1111111  0.000000  0.8888889 
 0.000000  0.000000  1.000000  0.000000 
 0.1111111  0.7777778  0.000000  0.1111111 
 0.3333333  0.000000  0.4444444  0.2222222 
 0.7777778  0.000000  0.000000  0.2222222 

MOTIF C15_Cell C15
letter-probability matrix: alength= 4 w= 8 nsites= 19 E= 0
 0.1052632  0.2105263  0.4210526  0.2631579 
 0.05263158  0.05263158  0.000000  0.8947368 
 0.000000  0.000000  0.000000  1.000000 
 0.8947368  0.000000  0.000000  0.1052632 
 1.000000  0.000000  0.000000  0.000000 
 0.3157895  0.1052632  0.000000  0.5789474 
 0.000000  0.1578947  0.3157895  0.5263158 
 0.5263158  0.000000  0.4736842  0.000000 

MOTIF C15_SOLEXA C15
letter-probability matrix: alength= 4 w= 8 nsites= 891 E= 0
 0.1773288  0.2312009  0.2424242  0.349046 
 0.1436588  0.1346801  0.08641975  0.6352413 
 0.000000  0.000000  0.000000  1.000000 
 0.9674523  0.000000  0.000000  0.0325477 
 1.000000  0.000000  0.000000  0.000000 
 0.2368126  0.08978676  0.06285073  0.6105499 
 0.1099888  0.07182941  0.3468013  0.4713805 
 0.634119  0.000000  0.365881  0.000000 

MOTIF Cad_Cell cad
letter-probability matrix: alength= 4 w= 8 nsites= 38 E= 0
 0.3157895  0.1578947  0.1052632  0.4210526 
 0.07894737  0.07894737  0.07894737  0.7631579 
 0.1052632  0.000000  0.000000  0.8947368 
 0.3157895  0.000000  0.05263158  0.6315789 
 1.000000  0.000000  0.000000  0.000000 
 0.000000  0.000000  0.000000  1.000000 
 0.1052632  0.000000  0.1842105  0.7105263 
 0.5789474  0.000000  0.3947368  0.02631579 

MOTIF cad_FlyReg cad
letter-probability matrix: alength= 4 w= 9 nsites= 13 E= 0
 0.000000  0.3846154  0.2307692  0.3846154 
 0.1538462  0.000000  0.2307692  0.6153846 
 0.000000  0.000000  0.000000  1.000000 
 0.07692308  0.000000  0.000000  0.9230769 
 0.4615385  0.1538462  0.07692308  0.3076923 
 0.000000  0.3076923  0.2307692  0.4615385 
 0.2307692  0.07692308  0.6923077  0.000000 
 0.5384615  0.2307692  0.1538462  0.07692308 
 0.000000  0.3076923  0.000000  0.6923077 

MOTIF Cad_SOLEXA cad
letter-probability matrix: alength= 4 w= 8 nsites= 1420 E= 0
 0.243662  0.1732394  0.2183099  0.3647887 
 0.09014085  0.09507042  0.08169014  0.7330986 
 0.1267606  0.01056338  0.004225352  0.8584507 
 0.4492958  0.007042254  0.03591549  0.5077465 
 1.000000  0.000000  0.000000  0.000000 
 0.000000  0.08450704  0.02323944  0.8922535 
 0.1443662  0.01197183  0.2795775  0.5640845 
 0.5704225  0.01549296  0.393662  0.02042254 

MOTIF cato_da_SANGER_10 da
letter-probability matrix: alength= 4 w= 10 nsites= 23 E= 0
 0.3913043  0.4782609  0.04347826  0.08695652 
 0.4782609  0.2173913  0.3043478  0.000000 
 0.000000  1.000000  0.000000  0.000000 
 0.9565217  0.000000  0.04347826  0.000000 
