<!DOCTYPE HTML>
<html>
  <head>
    <meta charset="UTF-8">
    <title>AME results</title>
    <script type="text/javascript">
      //@JSON_VAR data
      var data = {
        "version": "5.1.1",
        "revision": "1ec0cac75da38ade3bb84e84d35520ca52977940",
        "release": "Wed Jan 29 15:00:42 2020 -0800",
        "program": "AME",
        "cmd": [
          "ame", "--verbose", "1", "--scoring", "avg", "--method", "fisher",
          "--hit-lo-fraction", "0.25", "--evalue-report-threshold", "10",
          "--oc",
          "motif_data/all-br-peaks/all_br_peaks_1351_features.fasta_vs_shuffle/ame",
          "--control",
          "motif_data/all-br-peaks/all_br_peaks_1351_features.fasta.shuffle",
          "motif_data/all-br-peaks/all_br_peaks_1351_features.fasta",
          "/pine/scr/s/n/snystrom/br-cut-n-run-all/Data/fly_factor_survey_id.meme"
        ],
        "options": {
          "scoring": "avg_odds",
          "positive_list": "FASTA",
          "pvalue_method": "Fisher's exact test",
          "pseudocount": 0.1,
          "fisher_fasta_threshold": 0.001,
          "hit_lo_fraction": 0.25,
          "evalue_report_threshold": 10,
          "noseq": false,
          "log_fscores": false,
          "log_pwmscores": false,
          "linreg_switchxy": true,
          "fix_partition": true,
          "partition": "number of primary sequences",
          "kmer": 2
        },
        "motif_dbs": [
          {
            "source": "/pine/scr/s/n/snystrom/br-cut-n-run-all/Data/fly_factor_survey_id.meme",
            "count": 608
          }
        ],
        "alphabet": {
          "name": "DNA",
          "like": "dna",
          "ncore": 4,
          "symbols": [
            {
              "symbol": "A",
              "name": "Adenine",
              "colour": "CC0000",
              "complement": "T"
            }, {
              "symbol": "C",
              "name": "Cytosine",
              "colour": "0000CC",
              "complement": "G"
            }, {
              "symbol": "G",
              "name": "Guanine",
              "colour": "FFB300",
              "complement": "C"
            }, {
              "symbol": "T",
              "aliases": "U",
              "name": "Thymine",
              "colour": "008000",
              "complement": "A"
            }, {
              "symbol": "N",
              "aliases": "X.",
              "name": "Any base",
              "equals": "ACGT"
            }, {
              "symbol": "V",
              "name": "Not T",
              "equals": "ACG"
            }, {
              "symbol": "H",
              "name": "Not G",
              "equals": "ACT"
            }, {
              "symbol": "D",
              "name": "Not C",
              "equals": "AGT"
            }, {
              "symbol": "B",
              "name": "Not A",
              "equals": "CGT"
            }, {
              "symbol": "M",
              "name": "Amino",
              "equals": "AC"
            }, {
              "symbol": "R",
              "name": "Purine",
              "equals": "AG"
            }, {
              "symbol": "W",
              "name": "Weak",
              "equals": "AT"
            }, {
              "symbol": "S",
              "name": "Strong",
              "equals": "CG"
            }, {
              "symbol": "Y",
              "name": "Pyrimidine",
              "equals": "CT"
            }, {
              "symbol": "K",
              "name": "Keto",
              "equals": "GT"
            }
          ]
        },
        "background": {
          "source": "--sequences--",
          "file": "motif_data/all-br-peaks/all_br_peaks_1351_features.fasta",
          "frequencies": [0.267106, 0.232894, 0.232894, 0.267106]
        },
        "sequence_db": {
          "source": "motif_data/all-br-peaks/all_br_peaks_1351_features.fasta",
          "count": 1351,
          "skipped": 0,
          "fasta_scores": false
        },
        "control_db": {
          "source": "motif_data/all-br-peaks/all_br_peaks_1351_features.fasta.shuffle",
          "count": 1351,
          "skipped": 0
        },
        "min_sequence_score": 4.17589e-13,
        "max_sequence_score": 2.2745e+06,
        "max_median_sequence_score": 1.02027,
        "motifs": [
          {
            "db": 0,
            "id": "Aef1_SOLEXA",
            "alt": "FBgn0005694_3",
            "len": 15,
            "motif_evalue": 0,
            "motif_nsites": 104,
            "url": "http://pgfe.umassmed.edu/TFDBS/TFdetails.php?FlybaseID=FBgn0005694",
            "pwm": [
              [0.165147, 0.145715, 0.456096, 0.233043], 
              [0.0492295, 0.196113, 0.509538, 0.245119], 
              [0.173167, 0.0386488, 0.125104, 0.663081], 
              [0.0875516, 0.0293217, 0.0584198, 0.824707], 
              [0.00986235, 0.000223722, 0.835958, 0.153955], 
              [0.000256586, 0.000223722, 0.0194362, 0.980083], 
              [0.000256586, 0.000223722, 0.000223722, 0.999296], 
              [0.000256586, 0.000223722, 0.980051, 0.0194691], 
              [0.000256586, 0.105891, 0.000223722, 0.893629], 
              [0.000256586, 0.000223722, 0.000223722, 0.999296], 
              [0.000256586, 0.000223722, 0.980051, 0.0194691], 
              [0.000256586, 0.0573118, 0.123915, 0.818518], 
              [0.417332, 0.116617, 0.136015, 0.330036], 
              [0.336471, 0.0674671, 0.470925, 0.125137], 
              [0.0386816, 0.134709, 0.134709, 0.6919]
            ],
            "pos": 1351,
            "neg": 1351,
            "tp": 351,
            "fp": 56,
            "positive_thresh": 1351,
            "true_positive_thresh": 1.16091,
            "number_of_tests": 407,
            "corrected_pvalue": "3.10e-59",
            "evalue": "1.88e-56"
          }, {
            "db": 0,
            "id": "CG4360-F1-3_SOLEXA",
            "alt": "FBgn0038787_2",
            "len": 15,
            "motif_evalue": 0,
            "motif_nsites": 2426,
            "url": "http://pgfe.umassmed.edu/TFDBS/TFdetails.php?FlybaseID=FBgn0038787",
            "pwm": [
              [0.0601895, 0.174363, 0.500813, 0.264633], 
              [0.163648, 0.0568913, 0.17931, 0.600151], 
              [0.0540068, 0.00619234, 0.0560663, 0.883734], 
              [0.00495881, 0.000834566, 0.938115, 0.0560907], 
              [0.00207192, 0.00413143, 0.000833566, 0.992963], 
              [0.00124796, 0.000833566, 0.00165853, 0.99626], 
              [0.000422993, 0.000421583, 0.994198, 0.00495681], 
              [0.000422993, 0.0420529, 0.0024825, 0.955042], 
              [0.00948762, 0.00454141, 0.000421583, 0.985549], 
              [0.00619075, 0.00330546, 0.977307, 0.0131955], 
              [0.00537379, 0.0528124, 0.108503, 0.83331], 
              [0.370565, 0.138504, 0.134794, 0.356138], 
              [0.349956, 0.0840951, 0.46619, 0.0997599], 
              [0.100172, 0.157052, 0.194149, 0.548628], 
              [0.201486, 0.197364, 0.245158, 0.355991]
            ],
            "pos": 1351,
            "neg": 1351,
            "tp": 315,
            "fp": 48,
            "positive_thresh": 1351,
            "true_positive_thresh": 1.12764,
            "number_of_tests": 363,
            "corrected_pvalue": "1.29e-53",
            "evalue": "7.87e-51"
          }, {
            "db": 0,
            "id": "Trl_FlyReg",
            "alt": "FBgn0013263",
            "len": 10,
            "motif_evalue": 0,
            "motif_nsites": 71,
            "url": "http://pgfe.umassmed.edu/TFDBS/TFdetails.php?FlybaseID=FBgn0013263",
            "pwm": [
              [0.0566344, 0.309751, 0.12691, 0.506705], 
              [0.0847638, 0.323816, 0.15504, 0.436382], 
              [0.169152, 0.0847157, 0.422268, 0.323864], 
              [0.000375676, 0.900468, 0.0425221, 0.0566344], 
              [0.0425702, 0.000327559, 0.197233, 0.759869], 
              [0.0144409, 0.984856, 0.000327559, 0.000375676], 
              [0.183217, 0.000327559, 0.0284569, 0.787998], 
              [0.0706996, 0.759821, 0.0987809, 0.0706996], 
              [0.098829, 0.183169, 0.15504, 0.562963], 
              [0.126958, 0.464463, 0.140974, 0.267605]
            ],
            "pos": 1351,
            "neg": 1351,
            "tp": 387,
            "fp": 91,
            "positive_thresh": 1351,
            "true_positive_thresh": 3.3201,
            "number_of_tests": 1044,
            "corrected_pvalue": "2.48e-50",
            "evalue": "1.51e-47"
          }, {
            "db": 0,
            "id": "Aef1_SANGER_5",
            "alt": "FBgn0005694_2",
            "len": 11,
            "motif_evalue": 0,
            "motif_nsites": 12,
            "url": "http://pgfe.umassmed.edu/TFDBS/TFdetails.php?FlybaseID=FBgn0005694",
            "pwm": [
              [0.498075, 0.167214, 0.332503, 0.00220748], 
              [0.00220748, 0.99366, 0.00192475, 0.00220748], 
              [0.993943, 0.00192475, 0.00192475, 0.00220748], 
              [0.993943, 0.00192475, 0.00192475, 0.00220748], 
              [0.00220748, 0.99366, 0.00192475, 0.00220748], 
              [0.993943, 0.00192475, 0.00192475, 0.00220748], 
              [0.993943, 0.00192475, 0.00192475, 0.00220748], 
              [0.00220748, 0.99366, 0.00192475, 0.00220748], 
              [0.993943, 0.00192475, 0.00192475, 0.00220748], 
              [0.746009, 0.249859, 0.00192475, 0.00220748], 
              [0.167497, 0.745726, 0.00192475, 0.0848518]
            ],
            "pos": 1351,
            "neg": 1351,
            "tp": 217,
            "fp": 18,
            "positive_thresh": 1351,
            "true_positive_thresh": 1.81443,
            "number_of_tests": 262,
            "corrected_pvalue": "6.64e-46",
            "evalue": "4.04e-43"
          }, {
            "db": 0,
            "id": "Aef1_FlyReg",
            "alt": "FBgn0005694",
            "len": 8,
            "motif_evalue": 0,
            "motif_nsites": 3,
            "url": "http://pgfe.umassmed.edu/TFDBS/TFdetails.php?FlybaseID=FBgn0005694",
            "pwm": [
              [0.00861631, 0.975255, 0.00751272, 0.00861631], 
              [0.976358, 0.00751272, 0.00751272, 0.00861631], 
              [0.976358, 0.00751272, 0.00751272, 0.00861631], 
              [0.00861631, 0.975255, 0.00751272, 0.00861631], 
              [0.653778, 0.00751272, 0.00751272, 0.331197], 
              [0.976358, 0.00751272, 0.00751272, 0.00861631], 
              [0.00861631, 0.975255, 0.00751272, 0.00861631], 
              [0.653778, 0.00751272, 0.00751272, 0.331197]
            ],
            "pos": 1351,
            "neg": 1351,
            "tp": 262,
            "fp": 37,
            "positive_thresh": 1351,
            "true_positive_thresh": 1.2407,
            "number_of_tests": 347,
            "corrected_pvalue": "3.05e-45",
            "evalue": "1.85e-42"
          }, {
            "db": 0,
            "id": "jim_F1-9_SOLEXA_2.5",
            "alt": "FBgn0027339_2",
            "len": 15,
            "motif_evalue": 0,
            "motif_nsites": 414,
            "url": "http://pgfe.umassmed.edu/TFDBS/TFdetails.php?FlybaseID=FBgn0027339",
            "pwm": [
              [0.519219, 0.154261, 0.262204, 0.064316], 
              [0.304659, 0.466774, 0.105682, 0.122885], 
              [0.879285, 0.0615074, 0.0142368, 0.0449707], 
              [0.978551, 0.0142368, 5.62411e-05, 0.00715479], 
              [0.61221, 0.24586, 5.62411e-05, 0.141874], 
              [0.971461, 0.00241967, 0.00950996, 0.0166085], 
              [0.872194, 0.122958, 0.0047831, 6.45027e-05], 
              [0.824924, 0.0118734, 0.15132, 0.0118816], 
              [0.973824, 5.62411e-05, 0.026055, 6.45027e-05], 
              [0.375861, 0.524753, 0.0945964, 0.00479136], 
              [0.364043, 0.288403, 0.174955, 0.1726], 
              [0.567303, 0.130049, 0.174955, 0.127694], 
              [0.482218, 0.338036, 0.0851417, 0.0946047], 
              [0.452455, 0.324978, 0.11003, 0.112537], 
              [0.338872, 0.316647, 0.227779, 0.116703]
            ],
            "pos": 1351,
            "neg": 1351,
            "tp": 460,
            "fp": 156,
            "positive_thresh": 1351,
            "true_positive_thresh": 3.83069,
            "number_of_tests": 897,
            "corrected_pvalue": "1.01e-42",
            "evalue": "6.13e-40"
          }, {
            "db": 0,
            "id": "rn_SOLEXA_5",
            "alt": "FBgn0259172_2",
            "len": 25,
            "motif_evalue": 0,
            "motif_nsites": 459,
            "url": "http://pgfe.umassmed.edu/TFDBS/TFdetails.php?FlybaseID=FBgn0259172",
            "pwm": [
              [0.284137, 0.361205, 0.259906, 0.0947515], 
              [0.279658, 0.311424, 0.190687, 0.218231], 
              [0.317786, 0.271178, 0.220342, 0.190695], 
              [0.247885, 0.343196, 0.194923, 0.213995], 
              [0.39404, 0.146205, 0.332605, 0.127149], 
              [0.112322, 0.491469, 0.171623, 0.224585], 
              [0.980777, 0.00428681, 0.00852388, 0.0064128], 
              [0.955358, 0.0106414, 5.07285e-05, 0.0339488], 
              [0.99984, 5.07285e-05, 5.07285e-05, 5.81803e-05], 
              [0.99984, 5.07285e-05, 5.07285e-05, 5.81803e-05], 
              [0.993486, 5.07285e-05, 5.07285e-05, 0.0064128], 
              [0.953241, 0.0466506, 5.07285e-05, 5.81803e-05], 
              [0.489359, 0.283887, 0.0826597, 0.144095], 
              [0.362267, 0.302951, 0.192806, 0.141976], 
              [0.247885, 0.343196, 0.24576, 0.163159], 
              [0.315667, 0.277532, 0.224578, 0.182221], 
              [0.292367, 0.319896, 0.201278, 0.186459], 
              [0.283894, 0.31566, 0.243642, 0.156804], 
              [0.343203, 0.330487, 0.156797, 0.169513], 
              [0.368622, 0.273296, 0.205514, 0.152567], 
              [0.408867, 0.254232, 0.22246, 0.11444], 
              [0.355913, 0.294479, 0.211869, 0.13774], 
              [0.332613, 0.201278, 0.24576, 0.220349], 
              [0.255877, 0.373337, 0.174948, 0.195838], 
              [0.207856, 0.341152, 0.26666, 0.184332]
            ],
            "pos": 1351,
            "neg": 1351,
            "tp": 476,
            "fp": 201,
            "positive_thresh": 1351,
            "true_positive_thresh": 1.18567,
            "number_of_tests": 683,
            "corrected_pvalue": "3.07e-32",
            "evalue": "1.87e-29"
          }, {
            "db": 0,
            "id": "jim_SANGER_2.5",
            "alt": "FBgn0027339",
            "len": 11,
            "motif_evalue": 0,
            "motif_nsites": 12,
            "url": "http://pgfe.umassmed.edu/TFDBS/TFdetails.php?FlybaseID=FBgn0027339",
            "pwm": [
              [0.993943, 0.00192475, 0.00192475, 0.00220748], 
              [0.993943, 0.00192475, 0.00192475, 0.00220748], 
              [0.911299, 0.084569, 0.00192475, 0.00220748], 
              [0.911299, 0.084569, 0.00192475, 0.00220748], 
              [0.911299, 0.084569, 0.00192475, 0.00220748], 
              [0.993943, 0.00192475, 0.00192475, 0.00220748], 
              [0.993943, 0.00192475, 0.00192475, 0.00220748], 
              [0.663365, 0.167214, 0.167214, 0.00220748], 
              [0.415431, 0.497793, 0.00192475, 0.0848518], 
              [0.00220748, 0.497793, 0.415148, 0.0848518], 
              [0.993943, 0.00192475, 0.00192475, 0.00220748]
            ],
            "pos": 1351,
            "neg": 1351,
            "tp": 293,
            "fp": 83,
            "positive_thresh": 1351,
            "true_positive_thresh": 1.51435,
            "number_of_tests": 407,
            "corrected_pvalue": "2.19e-30",
            "evalue": "1.33e-27"
          }, {
            "db": 0,
            "id": "CG4360_F1-3_SANGER_2.5",
            "alt": "FBgn0038787",
            "len": 13,
            "motif_evalue": 0,
            "motif_nsites": 8,
            "url": "http://pgfe.umassmed.edu/TFDBS/TFdetails.php?FlybaseID=FBgn0038787",
            "pwm": [
              [0.620582, 0.373246, 0.00287524, 0.0032976], 
              [0.0032976, 0.99053, 0.00287524, 0.0032976], 
              [0.990952, 0.00287524, 0.00287524, 0.0032976], 
              [0.867495, 0.00287524, 0.126332, 0.0032976], 
              [0.0032976, 0.99053, 0.00287524, 0.0032976], 
              [0.990952, 0.00287524, 0.00287524, 0.0032976], 
              [0.990952, 0.00287524, 0.00287524, 0.0032976], 
              [0.126754, 0.867073, 0.00287524, 0.0032976], 
              [0.867495, 0.00287524, 0.00287524, 0.126754], 
              [0.867495, 0.00287524, 0.00287524, 0.126754], 
              [0.250211, 0.373246, 0.373246, 0.0032976], 
              [0.373668, 0.620159, 0.00287524, 0.0032976], 
              [0.0032976, 0.620159, 0.373246, 0.0032976]
            ],
            "pos": 1351,
            "neg": 1351,
            "tp": 200,
            "fp": 37,
            "positive_thresh": 1351,
            "true_positive_thresh": 1.23485,
            "number_of_tests": 242,
            "corrected_pvalue": "1.71e-28",
            "evalue": "1.04e-25"
          }, {
            "db": 0,
            "id": "fru-PG_SANGER_5",
            "alt": "FBgn0004652_3",
            "len": 7,
            "motif_evalue": 0,
            "motif_nsites": 10,
            "url": "http://pgfe.umassmed.edu/TFDBS/TFdetails.php?FlybaseID=FBgn0004652",
            "pwm": [
              [0.00264461, 0.200326, 0.794385, 0.00264461], 
              [0.992744, 0.00230589, 0.00230589, 0.00264461], 
              [0.992744, 0.00230589, 0.00230589, 0.00264461], 
              [0.893734, 0.00230589, 0.00230589, 0.101655], 
              [0.794724, 0.200326, 0.00230589, 0.00264461], 
              [0.794724, 0.00230589, 0.00230589, 0.200664], 
              [0.497694, 0.00230589, 0.00230589, 0.497694]
            ],
            "pos": 1351,
            "neg": 1351,
            "tp": 416,
            "fp": 170,
            "positive_thresh": 1351,
            "true_positive_thresh": 2.96335,
            "number_of_tests": 1094,
            "corrected_pvalue": "2.91e-28",
            "evalue": "1.77e-25"
          }, {
            "db": 0,
            "id": "CG2052_SANGER_2.5",
            "alt": "FBgn0039905",
            "len": 14,
            "motif_evalue": 0,
            "motif_nsites": 22,
            "url": "http://pgfe.umassmed.edu/TFDBS/TFdetails.php?FlybaseID=FBgn0039905",
            "pwm": [
              [0.589444, 0.182049, 0.227298, 0.00120862], 
              [0.544196, 0.136801, 0.182049, 0.136956], 
              [0.363199, 0.136801, 0.363044, 0.136956], 
              [0.453697, 0.227298, 0.272547, 0.0464579], 
              [0.0917063, 0.363044, 0.272547, 0.272702], 
              [0.0464579, 0.408294, 0.182049, 0.363199], 
              [0.906186, 0.00105382, 0.0915515, 0.00120862], 
              [0.996684, 0.00105382, 0.00105382, 0.00120862], 
              [0.996684, 0.00105382, 0.00105382, 0.00120862], 
              [0.996684, 0.00105382, 0.00105382, 0.00120862], 
              [0.996684, 0.00105382, 0.00105382, 0.00120862], 
              [0.996684, 0.00105382, 0.00105382, 0.00120862], 
              [0.996684, 0.00105382, 0.00105382, 0.00120862], 
              [0.182204, 0.0463031, 0.182049, 0.589444]
            ],
            "pos": 1351,
            "neg": 1351,
            "tp": 272,
            "fp": 79,
            "positive_thresh": 1351,
            "true_positive_thresh": 1.29251,
            "number_of_tests": 359,
            "corrected_pvalue": "3.95e-27",
            "evalue": "2.40e-24"
          }, {
            "db": 0,
            "id": "Blimp-1_SOLEXA",
            "alt": "FBgn0035625_3",
            "len": 17,
            "motif_evalue": 0,
            "motif_nsites": 1940,
            "url": "http://pgfe.umassmed.edu/TFDBS/TFdetails.php?FlybaseID=FBgn0035625",
            "pwm": [
              [0.396385, 0.182993, 0.2634, 0.157222], 
              [0.345357, 0.293296, 0.209279, 0.152068], 
              [0.284166, 0.289837, 0.126359, 0.299637], 
              [0.382665, 0.0428158, 0.519841, 0.0546779], 
              [0.680556, 0.153018, 0.0958341, 0.0705921], 
              [0.781416, 0.0639267, 0.0860896, 0.0685672], 
              [0.916462, 0.000526978, 0.0685655, 0.014446], 
              [0.0180448, 0.0098005, 0.960807, 0.0113472], 
              [0.033517, 0.165467, 0.0716573, 0.729357], 
              [0.033998, 1.20042e-05, 0.963917, 0.00207366], 
              [0.995328, 1.20042e-05, 0.00310184, 0.00155869], 
              [0.961284, 0.00362182, 0.0283755, 0.00671742], 
              [0.97316, 0.00568171, 0.0020739, 0.0190848], 
              [0.137636, 0.03867, 0.776776, 0.0469183], 
              [0.0402177, 0.265462, 0.0742352, 0.620085], 
              [0.290205, 0.194332, 0.270617, 0.244846], 
              [0.30345, 0.299327, 0.275629, 0.121595]
            ],
            "pos": 1351,
            "neg": 1351,
            "tp": 315,
            "fp": 107,
            "positive_thresh": 1351,
            "true_positive_thresh": 1.12226,
            "number_of_tests": 422,
            "corrected_pvalue": "1.16e-26",
            "evalue": "7.07e-24"
          }, {
            "db": 0,
            "id": "hb_FlyReg",
            "alt": "FBgn0001180_2",
            "len": 8,
            "motif_evalue": 0,
            "motif_nsites": 103,
            "url": "http://pgfe.umassmed.edu/TFDBS/TFdetails.php?FlybaseID=FBgn0001180",
            "pwm": [
              [0.165148, 0.126317, 0.068121, 0.640415], 
              [0.000259074, 0.000225892, 0.0293236, 0.970191], 
              [0.00995866, 0.0487228, 0.00992547, 0.931394], 
              [0.000259074, 0.00992547, 0.000225892, 0.98959], 
              [0.000259074, 0.000225892, 0.000225892, 0.999289], 
              [0.00995866, 0.0390232, 0.000225892, 0.950792], 
              [0.572519, 0.068121, 0.281506, 0.0778537], 
              [0.194246, 0.165115, 0.136016, 0.504623]
            ],
            "pos": 1351,
            "neg": 1351,
            "tp": 571,
            "fp": 299,
            "positive_thresh": 1351,
            "true_positive_thresh": 2.0301,
            "number_of_tests": 1126,
            "corrected_pvalue": "1.68e-26",
            "evalue": "1.02e-23"
          }, {
            "db": 0,
            "id": "sqz_SANGER_5",
            "alt": "FBgn0010768",
            "len": 16,
            "motif_evalue": 0,
            "motif_nsites": 19,
            "url": "http://pgfe.umassmed.edu/TFDBS/TFdetails.php?FlybaseID=FBgn0010768",
            "pwm": [
              [0.367891, 0.158288, 0.420068, 0.0537549], 
              [0.263179, 0.472423, 0.263, 0.00139846], 
              [0.210822, 0.210643, 0.00121934, 0.577314], 
              [0.367891, 0.158288, 0.158288, 0.315534], 
              [0.263179, 0.367711, 0.0535758, 0.315534], 
              [0.734383, 0.105931, 0.105931, 0.0537549], 
              [0.158467, 0.367711, 0.0535758, 0.420247], 
              [0.577314, 0.210643, 0.210643, 0.00139846], 
              [0.839095, 0.158288, 0.00121934, 0.00139846], 
              [0.996163, 0.00121934, 0.00121934, 0.00139846], 
              [0.996163, 0.00121934, 0.00121934, 0.00139846], 
              [0.996163, 0.00121934, 0.00121934, 0.00139846], 
              [0.996163, 0.00121934, 0.00121934, 0.00139846], 
              [0.943806, 0.00121934, 0.00121934, 0.0537549], 
              [0.996163, 0.00121934, 0.00121934, 0.00139846], 
              [0.472602, 0.420068, 0.0535758, 0.0537549]
            ],
            "pos": 1351,
            "neg": 1351,
            "tp": 277,
            "fp": 86,
            "positive_thresh": 1351,
            "true_positive_thresh": 1.21638,
            "number_of_tests": 369,
            "corrected_pvalue": "1.18e-25",
            "evalue": "7.16e-23"
          }, {
            "db": 0,
            "id": "hb_NAR",
            "alt": "FBgn0001180",
            "len": 10,
            "motif_evalue": 0,
            "motif_nsites": 26,
            "url": "http://pgfe.umassmed.edu/TFDBS/TFdetails.php?FlybaseID=FBgn0001180",
            "pwm": [
              [0.00102339, 0.728861, 0.115835, 0.15428], 
              [0.958877, 0.000892316, 0.039207, 0.00102339], 
              [0.805621, 0.192464, 0.000892316, 0.00102339], 
              [0.997192, 0.000892316, 0.000892316, 0.00102339], 
              [0.997192, 0.000892316, 0.000892316, 0.00102339], 
              [0.997192, 0.000892316, 0.000892316, 0.00102339], 
              [0.997192, 0.000892316, 0.000892316, 0.00102339], 
              [0.958877, 0.039207, 0.000892316, 0.00102339], 
              [0.460793, 0.384034, 0.000892316, 0.15428], 
              [0.460793, 0.422348, 0.115835, 0.00102339]
            ],
            "pos": 1351,
            "neg": 1351,
            "tp": 214,
            "fp": 50,
            "positive_thresh": 1351,
            "true_positive_thresh": 10.0249,
            "number_of_tests": 400,
            "corrected_pvalue": "1.98e-25",
            "evalue": "1.20e-22"
          }, {
            "db": 0,
            "id": "sqz_SOLEXA_5",
            "alt": "FBgn0010768_2",
            "len": 15,
            "motif_evalue": 0,
            "motif_nsites": 846,
            "url": "http://pgfe.umassmed.edu/TFDBS/TFdetails.php?FlybaseID=FBgn0010768",
            "pwm": [
              [0.301928, 0.334529, 0.235507, 0.128035], 
              [0.435426, 0.213617, 0.227701, 0.123256], 
              [0.257612, 0.277513, 0.215459, 0.249417], 
              [0.428552, 0.193213, 0.327858, 0.0503766], 
              [0.318495, 0.489431, 0.00471097, 0.187363], 
              [0.991717, 2.75256e-05, 0.00471097, 0.00354415], 
              [0.974155, 2.75256e-05, 2.75256e-05, 0.0257895], 
              [0.998743, 2.75256e-05, 0.00119839, 3.1569e-05], 
              [0.999913, 2.75256e-05, 2.75256e-05, 3.1569e-05], 
              [0.987034, 2.75256e-05, 2.75256e-05, 0.012911], 
              [0.997572, 2.75256e-05, 2.75256e-05, 0.00237329], 
              [0.646325, 0.250583, 0.00939442, 0.0936975], 
              [0.483581, 0.217801, 0.173309, 0.12531], 
              [0.145447, 0.328114, 0.302877, 0.223563], 
              [0.291717, 0.285344, 0.278976, 0.143964]
            ],
            "pos": 1351,
            "neg": 1351,
            "tp": 200,
            "fp": 43,
            "positive_thresh": 1351,
            "true_positive_thresh": 21.2445,
            "number_of_tests": 520,
            "corrected_pvalue": "3.81e-25",
            "evalue": "2.32e-22"
          }, {
            "db": 0,
            "id": "CG2052_SOLEXA_2.5",
            "alt": "FBgn0039905_2",
            "len": 15,
            "motif_evalue": 0,
            "motif_nsites": 897,
            "url": "http://pgfe.umassmed.edu/TFDBS/TFdetails.php?FlybaseID=FBgn0039905",
            "pwm": [
              [0.337058, 0.27883, 0.248598, 0.135513], 
              [0.336648, 0.322249, 0.190481, 0.150622], 
              [0.32229, 0.264897, 0.209716, 0.203098], 
              [0.315668, 0.278141, 0.203094, 0.203098], 
              [0.421617, 0.210819, 0.150119, 0.217445], 
              [0.493352, 0.0596223, 0.317872, 0.129154], 
              [0.960188, 2.59608e-05, 0.00995885, 0.0298275], 
              [0.995504, 2.59608e-05, 2.59608e-05, 0.00444428], 
              [0.999918, 2.59608e-05, 2.59608e-05, 2.97743e-05], 
              [0.991089, 2.59608e-05, 0.00885498, 2.97743e-05], 
              [0.999918, 2.59608e-05, 2.59608e-05, 2.97743e-05], 
              [0.986675, 0.00995885, 0.00333659, 2.97743e-05], 
              [0.449207, 0.0728658, 0.0331353, 0.444792], 
              [0.127936, 0.373733, 0.342591, 0.155741], 
              [0.292032, 0.384307, 0.154244, 0.169417]
            ],
            "pos": 1351,
            "neg": 1351,
            "tp": 348,
            "fp": 137,
            "positive_thresh": 1351,
            "true_positive_thresh": 2.33338,
            "number_of_tests": 593,
            "corrected_pvalue": "4.06e-24",
            "evalue": "2.47e-21"
          }, {
            "db": 0,
            "id": "klu_SOLEXA_5",
            "alt": "FBgn0013469_2",
            "len": 15,
            "motif_evalue": 0,
            "motif_nsites": 491,
            "url": "http://pgfe.umassmed.edu/TFDBS/TFdetails.php?FlybaseID=FBgn0013469",
            "pwm": [
              [0.177323, 0.127681, 0.326222, 0.368773], 
              [0.0730485, 0.0111072, 0.796345, 0.119499], 
              [0.0735984, 0.45721, 0.0199244, 0.449267], 
              [0.0139686, 0.00203502, 0.979967, 0.00402958], 
              [0.0278817, 0.011973, 0.333975, 0.62617], 
              [0.0517339, 4.7423e-05, 0.938226, 0.00999237], 
              [0.0199313, 0.0099854, 0.964066, 0.00601717], 
              [0.0179437, 4.7423e-05, 0.975992, 0.00601717], 
              [0.141179, 0.095455, 0.011973, 0.751392], 
              [0.00601717, 4.7423e-05, 0.975992, 0.0179437], 
              [0.0517339, 0.0477517, 0.592372, 0.308143], 
              [0.200809, 0.127259, 0.405532, 0.266402], 
              [0.188883, 0.168999, 0.373728, 0.26839], 
              [0.160265, 0.182566, 0.340749, 0.31642], 
              [0.199139, 0.179442, 0.332584, 0.288836]
            ],
            "pos": 1351,
            "neg": 1351,
            "tp": 335,
            "fp": 130,
            "positive_thresh": 1351,
            "true_positive_thresh": 1.33797,
            "number_of_tests": 506,
            "corrected_pvalue": "1.34e-23",
            "evalue": "8.17e-21"
          }, {
            "db": 0,
            "id": "slp1_NAR",
            "alt": "FBgn0003430",
            "len": 11,
            "motif_evalue": 0,
            "motif_nsites": 41,
            "url": "http://pgfe.umassmed.edu/TFDBS/TFdetails.php?FlybaseID=FBgn0003430",
            "pwm": [
              [0.195297, 0.0735596, 0.341199, 0.389944], 
              [0.000649892, 0.000566653, 0.000566653, 0.998217], 
              [0.0736429, 0.000566653, 0.925141, 0.000649892], 
              [0.000649892, 0.000566653, 0.000566653, 0.998217], 
              [0.000649892, 0.000566653, 0.0248973, 0.973886], 
              [0.000649892, 0.000566653, 0.049228, 0.949555], 
              [0.657585, 0.000566653, 0.0978903, 0.243958], 
              [0.0249805, 0.535846, 0.170883, 0.26829], 
              [0.414275, 0.195214, 0.36553, 0.0249805], 
              [0.0979735, 0.316868, 0.0735596, 0.511599], 
              [0.365614, 0.0735596, 0.0978903, 0.462937]
            ],
            "pos": 1351,
            "neg": 1351,
            "tp": 500,
            "fp": 258,
            "positive_thresh": 1351,
            "true_positive_thresh": 1.05226,
            "number_of_tests": 767,
            "corrected_pvalue": "1.08e-22",
            "evalue": "6.56e-20"
          }, {
            "db": 0,
            "id": "hb_SOLEXA_5",
            "alt": "FBgn0001180_4",
            "len": 11,
            "motif_evalue": 0,
            "motif_nsites": 69,
            "url": "http://pgfe.umassmed.edu/TFDBS/TFdetails.php?FlybaseID=FBgn0001180",
            "pwm": [
              [0.0503142, 0.21669, 0.349831, 0.383165], 
              [0.103179, 0.235291, 0.279345, 0.382186], 
              [0.143037, 0.328433, 0.128722, 0.399808], 
              [0.128771, 0.114458, 0.471084, 0.285687], 
              [0.000386549, 0.00033704, 0.00033704, 0.998939], 
              [0.000386549, 0.00033704, 0.00033704, 0.998939], 
              [0.000386549, 0.00033704, 0.00033704, 0.998939], 
              [0.000386549, 0.00033704, 0.00033704, 0.998939], 
              [0.0574469, 0.00033704, 0.00033704, 0.941879], 
              [0.000386549, 0.00033704, 0.00033704, 0.998939], 
              [0.613784, 0.0573973, 0.328433, 0.000386549]
            ],
            "pos": 1351,
            "neg": 1351,
            "tp": 393,
            "fp": 183,
            "positive_thresh": 1351,
            "true_positive_thresh": 1.78453,
            "number_of_tests": 645,
            "corrected_pvalue": "1.25e-20",
            "evalue": "7.59e-18"
          }, {
            "db": 0,
            "id": "rn_SANGER_10",
            "alt": "FBgn0259172",
            "len": 25,
            "motif_evalue": 0,
            "motif_nsites": 23,
            "url": "http://pgfe.umassmed.edu/TFDBS/TFdetails.php?FlybaseID=FBgn0259172",
            "pwm": [
              [0.260897, 0.477199, 0.174168, 0.0877369], 
              [0.260897, 0.044298, 0.520489, 0.174316], 
              [0.390766, 0.0875888, 0.304039, 0.217606], 
              [0.347477, 0.347328, 0.044298, 0.260897], 
              [0.131027, 0.520489, 0.304039, 0.0444461], 
              [0.563926, 0.260749, 0.044298, 0.131027], 
              [0.737087, 0.0875888, 0.130879, 0.0444461], 
              [0.910247, 0.044298, 0.0010082, 0.0444461], 
              [0.996827, 0.0010082, 0.0010082, 0.0011563], 
              [0.996827, 0.0010082, 0.0010082, 0.0011563], 
              [0.996827, 0.0010082, 0.0010082, 0.0011563], 
              [0.996827, 0.0010082, 0.0010082, 0.0011563], 
              [0.737087, 0.174168, 0.0875888, 0.0011563], 
              [0.131027, 0.520489, 0.174168, 0.174316], 
              [0.434057, 0.174168, 0.304039, 0.0877369], 
              [0.347477, 0.347328, 0.130879, 0.174316], 
              [0.260897, 0.130879, 0.304039, 0.304187], 
              [0.131027, 0.607069, 0.217458, 0.0444461], 
              [0.347477, 0.304039, 0.0875888, 0.260897], 
              [0.477347, 0.174168, 0.260749, 0.0877369], 
              [0.693797, 0.130879, 0.130879, 0.0444461], 
              [0.347477, 0.0010082, 0.390618, 0.260897], 
              [0.217606, 0.390618, 0.217458, 0.174316], 
              [0.390766, 0.174168, 0.347328, 0.0877369], 
              [0.0444461, 0.953389, 0.0010082, 0.0011563]
            ],
            "pos": 1351,
            "neg": 1351,
            "tp": 239,
            "fp": 78,
            "positive_thresh": 1351,
            "true_positive_thresh": 1.85175,
            "number_of_tests": 349,
            "corrected_pvalue": "2.87e-20",
            "evalue": "1.74e-17"
          }, {
            "db": 0,
            "id": "CG11504_SANGER_5",
            "alt": "FBgn0039733",
            "len": 9,
            "motif_evalue": 0,
            "motif_nsites": 20,
            "url": "http://pgfe.umassmed.edu/TFDBS/TFdetails.php?FlybaseID=FBgn0039733",
            "pwm": [
              [0.00132888, 0.697676, 0.00115868, 0.299836], 
              [0.548593, 0.249915, 0.0509099, 0.150583], 
              [0.00132888, 0.0509099, 0.946432, 0.00132888], 
              [0.0510801, 0.946432, 0.00115868, 0.00132888], 
              [0.996354, 0.00115868, 0.00115868, 0.00132888], 
              [0.946603, 0.00115868, 0.00115868, 0.0510801], 
              [0.0510801, 0.946432, 0.00115868, 0.00132888], 
              [0.996354, 0.00115868, 0.00115868, 0.00132888], 
              [0.100831, 0.200164, 0.00115868, 0.697846]
            ],
            "pos": 1351,
            "neg": 1351,
            "tp": 239,
            "fp": 79,
            "positive_thresh": 1351,
            "true_positive_thresh": 2.06387,
            "number_of_tests": 392,
            "corrected_pvalue": "6.95e-20",
            "evalue": "4.23e-17"
          }, {
            "db": 0,
            "id": "exd_FlyReg",
            "alt": "FBgn0000611_2",
            "len": 10,
            "motif_evalue": 0,
            "motif_nsites": 6,
            "url": "http://pgfe.umassmed.edu/TFDBS/TFdetails.php?FlybaseID=FBgn0000611",
            "pwm": [
              [0.00437878, 0.00381794, 0.167753, 0.824051], 
              [0.168314, 0.00381794, 0.00381794, 0.824051], 
              [0.00437878, 0.00381794, 0.00381794, 0.987985], 
              [0.168314, 0.331686, 0.167753, 0.332247], 
              [0.332247, 0.00381794, 0.495621, 0.168314], 
              [0.496182, 0.00381794, 0.00381794, 0.496182], 
              [0.168314, 0.167753, 0.167753, 0.496182], 
              [0.00437878, 0.331686, 0.167753, 0.496182], 
              [0.332247, 0.00381794, 0.00381794, 0.660117], 
              [0.496182, 0.167753, 0.167753, 0.168314]
            ],
            "pos": 1351,
            "neg": 1351,
            "tp": 595,
            "fp": 353,
            "positive_thresh": 1351,
            "true_positive_thresh": 1.74709,
            "number_of_tests": 1353,
            "corrected_pvalue": "1.19e-19",
            "evalue": "7.24e-17"
          }, {
            "db": 0,
            "id": "hb_SANGER_2.5",
            "alt": "FBgn0001180_3",
            "len": 13,
            "motif_evalue": 0,
            "motif_nsites": 17,
            "url": "http://pgfe.umassmed.edu/TFDBS/TFdetails.php?FlybaseID=FBgn0001180",
            "pwm": [
              [0.118521, 0.00136196, 0.29376, 0.586357], 
              [0.00156202, 0.469198, 0.352239, 0.177001], 
              [0.118521, 0.352239, 0.352239, 0.177001], 
              [0.23548, 0.00136196, 0.352239, 0.410919], 
              [0.00156202, 0.00136196, 0.00136196, 0.995714], 
              [0.00156202, 0.00136196, 0.00136196, 0.995714], 
              [0.00156202, 0.00136196, 0.00136196, 0.995714], 
              [0.00156202, 0.00136196, 0.00136196, 0.995714], 
              [0.00156202, 0.00136196, 0.00136196, 0.995714], 
              [0.00156202, 0.00136196, 0.00136196, 0.995714], 
              [0.878755, 0.00136196, 0.059842, 0.060042], 
              [0.177001, 0.352239, 0.118321, 0.352439], 
              [0.00156202, 0.118321, 0.469198, 0.410919]
            ],
            "pos": 1351,
            "neg": 1351,
            "tp": 227,
            "fp": 74,
            "positive_thresh": 1351,
            "true_positive_thresh": 1.23412,
            "number_of_tests": 313,
            "corrected_pvalue": "3.74e-19",
            "evalue": "2.27e-16"
          }, {
            "db": 0,
            "id": "fd64A_SANGER_5",
            "alt": "FBgn0004895",
            "len": 8,
            "motif_evalue": 0,
            "motif_nsites": 20,
            "url": "http://pgfe.umassmed.edu/TFDBS/TFdetails.php?FlybaseID=FBgn0004895",
            "pwm": [
              [0.150583, 0.00115868, 0.200164, 0.648095], 
              [0.349588, 0.249915, 0.299666, 0.100831], 
              [0.200334, 0.150412, 0.00115868, 0.648095], 
              [0.996354, 0.00115868, 0.00115868, 0.00132888], 
              [0.946603, 0.0509099, 0.00115868, 0.00132888], 
              [0.996354, 0.00115868, 0.00115868, 0.00132888], 
              [0.00132888, 0.84693, 0.00115868, 0.150583], 
              [0.996354, 0.00115868, 0.00115868, 0.00132888]
            ],
            "pos": 1351,
            "neg": 1351,
            "tp": 557,
            "fp": 328,
            "positive_thresh": 1351,
            "true_positive_thresh": 1.03808,
            "number_of_tests": 896,
            "corrected_pvalue": "2.81e-18",
            "evalue": "1.71e-15"
          }, {
            "db": 0,
            "id": "cad_FlyReg",
            "alt": "FBgn0000251_2",
            "len": 9,
            "motif_evalue": 0,
            "motif_nsites": 13,
            "url": "http://pgfe.umassmed.edu/TFDBS/TFdetails.php?FlybaseID=FBgn0000251",
            "pwm": [
              [0.00203897, 0.383457, 0.230785, 0.383718], 
              [0.154711, 0.00177782, 0.230785, 0.612726], 
              [0.00203897, 0.00177782, 0.00177782, 0.994405], 
              [0.0783748, 0.00177782, 0.00177782, 0.91807], 
              [0.460054, 0.154449, 0.0781136, 0.307382], 
              [0.00203897, 0.307121, 0.230785, 0.460054], 
              [0.231046, 0.0781136, 0.688801, 0.00203897], 
              [0.536391, 0.230785, 0.154449, 0.0783748], 
              [0.00203897, 0.307121, 0.00177782, 0.689062]
            ],
            "pos": 1351,
            "neg": 1351,
