MEME version 4

ALPHABET= ACGT

strands: + -

Background letter frequencies (from uniform background):
A 0.25000 C 0.25000 G 0.25000 T 0.25000 

MOTIF FBgn0000014 AbdA_Cell

letter-probability matrix: alength= 4 w= 7 nsites= 18 E= 0
  0.055556	  0.166667	  0.000000	  0.777778	
  0.000000	  0.000000	  0.000000	  1.000000	
  0.888889	  0.000000	  0.000000	  0.111111	
  1.000000	  0.000000	  0.000000	  0.000000	
  0.055556	  0.000000	  0.000000	  0.944444	
  0.000000	  0.000000	  0.333333	  0.666667	
  0.833333	  0.055556	  0.111111	  0.000000	

URL http://pgfe.umassmed.edu/TFDBS/TFdetails.php?FlybaseID=FBgn0000014

MOTIF FBgn0000014_2 Abd-A_FlyReg

letter-probability matrix: alength= 4 w= 8 nsites= 37 E= 0
  0.135135	  0.054054	  0.351351	  0.459459	
  0.270270	  0.405405	  0.081081	  0.243243	
  0.594595	  0.405405	  0.000000	  0.000000	
  0.972973	  0.000000	  0.000000	  0.027027	
  0.000000	  0.000000	  0.000000	  1.000000	
  0.297297	  0.054054	  0.000000	  0.648649	
  0.891892	  0.027027	  0.000000	  0.081081	
  0.486486	  0.054054	  0.108108	  0.351351	

URL http://pgfe.umassmed.edu/TFDBS/TFdetails.php?FlybaseID=FBgn0000014

MOTIF FBgn0000014_3 AbdA_SOLEXA

letter-probability matrix: alength= 4 w= 8 nsites= 662 E= 0
  0.208459	  0.226586	  0.214502	  0.350453	
  0.132931	  0.140483	  0.070997	  0.655589	
  0.015106	  0.000000	  0.016616	  0.968278	
  0.812689	  0.028701	  0.010574	  0.148036	
  0.983384	  0.007553	  0.009063	  0.000000	
  0.007553	  0.052870	  0.027190	  0.912387	
  0.063444	  0.024169	  0.456193	  0.456193	
  0.669184	  0.000000	  0.312689	  0.018127	

URL http://pgfe.umassmed.edu/TFDBS/TFdetails.php?FlybaseID=FBgn0000014

MOTIF FBgn0000015 AbdB_Cell

letter-probability matrix: alength= 4 w= 9 nsites= 21 E= 0
  0.047619	  0.238095	  0.571429	  0.142857	
  0.285714	  0.047619	  0.095238	  0.571429	
  0.047619	  0.000000	  0.000000	  0.952381	
  0.000000	  0.000000	  0.000000	  1.000000	
  0.238095	  0.000000	  0.000000	  0.761905	
  1.000000	  0.000000	  0.000000	  0.000000	
  0.000000	  0.142857	  0.000000	  0.857143	
  0.142857	  0.000000	  0.523810	  0.333333	
  0.619048	  0.000000	  0.238095	  0.142857	

URL http://pgfe.umassmed.edu/TFDBS/TFdetails.php?FlybaseID=FBgn0000015

MOTIF FBgn0000015_2 Abd-B_FlyReg

letter-probability matrix: alength= 4 w= 8 nsites= 7 E= 0
  0.142857	  0.285714	  0.000000	  0.571429	
  0.142857	  0.714286	  0.142857	  0.000000	
  0.857143	  0.000000	  0.142857	  0.000000	
  0.000000	  0.000000	  0.000000	  1.000000	
  1.000000	  0.000000	  0.000000	  0.000000	
  1.000000	  0.000000	  0.000000	  0.000000	
  0.857143	  0.000000	  0.000000	  0.142857	
  0.714286	  0.000000	  0.142857	  0.142857	

URL http://pgfe.umassmed.edu/TFDBS/TFdetails.php?FlybaseID=FBgn0000015

MOTIF FBgn0000015_3 AbdB_SOLEXA

letter-probability matrix: alength= 4 w= 8 nsites= 2704 E= 0
  0.228920	  0.191938	  0.201553	  0.377589	
  0.127219	  0.074334	  0.093195	  0.705251	
  0.022559	  0.000000	  0.000000	  0.977441	
  0.415680	  0.012204	  0.014053	  0.558062	
  1.000000	  0.000000	  0.000000	  0.000000	
  0.020340	  0.232988	  0.026257	  0.720414	
  0.166050	  0.022929	  0.481139	  0.329882	
  0.556953	  0.032544	  0.312500	  0.098003	

URL http://pgfe.umassmed.edu/TFDBS/TFdetails.php?FlybaseID=FBgn0000015

MOTIF FBgn0000022 ac_da_SANGER_5

letter-probability matrix: alength= 4 w= 8 nsites= 19 E= 0
  0.526316	  0.052632	  0.368421	  0.052632	
  0.000000	  1.000000	  0.000000	  0.000000	
  1.000000	  0.000000	  0.000000	  0.000000	
  0.000000	  0.947368	  0.052632	  0.000000	
  0.000000	  1.000000	  0.000000	  0.000000	
  0.000000	  0.000000	  0.000000	  1.000000	
  0.000000	  0.000000	  1.000000	  0.000000	
  0.000000	  0.789474	  0.000000	  0.210526	

URL http://pgfe.umassmed.edu/TFDBS/TFdetails.php?FlybaseID=FBgn0000022

MOTIF FBgn0000028 acj6_SOLEXA_5

letter-probability matrix: alength= 4 w= 21 nsites= 2950 E= 0
  0.177374	  0.221020	  0.315293	  0.286313	
  0.169388	  0.214626	  0.299660	  0.316327	
  0.132466	  0.241241	  0.325993	  0.300300	
  0.124124	  0.236904	  0.340007	  0.298966	
  0.116783	  0.300300	  0.244578	  0.338338	
  0.238238	  0.235569	  0.285619	  0.240574	
  0.092759	  0.114781	  0.141808	  0.650651	
  0.043043	  0.014681	  0.842843	  0.099433	
  0.467134	  0.482816	  0.031031	  0.019019	
  0.889890	  0.030364	  0.017351	  0.062396	
  0.014348	  0.004338	  0.010677	  0.970637	
  0.413747	  0.085419	  0.158158	  0.342676	
  0.303303	  0.175175	  0.153153	  0.368368	
  0.194528	  0.161161	  0.171505	  0.472806	
  0.161495	  0.091425	  0.116450	  0.630631	
  0.487487	  0.065065	  0.199199	  0.248248	
  0.774441	  0.033033	  0.100434	  0.092092	
  0.120787	  0.085752	  0.207541	  0.585919	
  0.139473	  0.131798	  0.419419	  0.309309	
  0.337274	  0.173157	  0.302851	  0.186718	
  0.183111	  0.199052	  0.431710	  0.186127	

URL http://pgfe.umassmed.edu/TFDBS/TFdetails.php?FlybaseID=FBgn0000028

MOTIF FBgn0000054 Adf1_FlyReg

letter-probability matrix: alength= 4 w= 8 nsites= 7 E= 0
  0.142857	  0.857143	  0.000000	  0.000000	
  0.000000	  0.000000	  1.000000	  0.000000	
  0.714286	  0.000000	  0.285714	  0.000000	
  0.000000	  0.857143	  0.000000	  0.142857	
  0.000000	  0.571429	  0.000000	  0.428571	
  0.000000	  0.000000	  1.000000	  0.000000	
  0.000000	  1.000000	  0.000000	  0.000000	
  0.285714	  0.000000	  0.714286	  0.000000	

URL http://pgfe.umassmed.edu/TFDBS/TFdetails.php?FlybaseID=FBgn0000054

MOTIF FBgn0000054_2 Adf1_SANGER_5

letter-probability matrix: alength= 4 w= 15 nsites= 11 E= 0
  0.090909	  0.454545	  0.000000	  0.454545	
  0.636364	  0.272727	  0.090909	  0.000000	
  0.181818	  0.545455	  0.181818	  0.090909	
  0.363636	  0.636364	  0.000000	  0.000000	
  0.272727	  0.000000	  0.727273	  0.000000	
  0.000000	  0.000000	  0.909091	  0.090909	
  0.000000	  1.000000	  0.000000	  0.000000	
  1.000000	  0.000000	  0.000000	  0.000000	
  0.000000	  0.090909	  0.909091	  0.000000	
  0.727273	  0.090909	  0.181818	  0.000000	
  0.000000	  0.000000	  1.000000	  0.000000	
  0.636364	  0.272727	  0.090909	  0.000000	
  0.363636	  0.363636	  0.000000	  0.272727	
  0.454545	  0.181818	  0.272727	  0.090909	
  0.636364	  0.363636	  0.000000	  0.000000	

URL http://pgfe.umassmed.edu/TFDBS/TFdetails.php?FlybaseID=FBgn0000054

MOTIF FBgn0000061 Al_Cell

letter-probability matrix: alength= 4 w= 7 nsites= 20 E= 0
  0.000000	  0.000000	  0.000000	  1.000000	
  1.000000	  0.000000	  0.000000	  0.000000	
  1.000000	  0.000000	  0.000000	  0.000000	
  0.000000	  0.000000	  0.000000	  1.000000	
  0.000000	  0.000000	  0.000000	  1.000000	
  0.850000	  0.000000	  0.150000	  0.000000	
  0.900000	  0.000000	  0.100000	  0.000000	

URL http://pgfe.umassmed.edu/TFDBS/TFdetails.php?FlybaseID=FBgn0000061

MOTIF FBgn0000061_2 Al_SOLEXA

letter-probability matrix: alength= 4 w= 9 nsites= 400 E= 0
  0.189655	  0.351724	  0.148276	  0.310345	
  0.208443	  0.263852	  0.321900	  0.205805	
  0.080645	  0.500000	  0.020737	  0.398618	
  0.004608	  0.000000	  0.000000	  0.995392	
  0.976959	  0.023041	  0.000000	  0.000000	
  0.972350	  0.027650	  0.000000	  0.000000	
  0.000000	  0.000000	  0.023041	  0.976959	
  0.011521	  0.006912	  0.055300	  0.926267	
  0.627273	  0.015152	  0.327273	  0.030303	

URL http://pgfe.umassmed.edu/TFDBS/TFdetails.php?FlybaseID=FBgn0000061

MOTIF FBgn0000095 Antp_Cell

letter-probability matrix: alength= 4 w= 8 nsites= 16 E= 0
  0.062500	  0.312500	  0.125000	  0.500000	
  0.062500	  0.062500	  0.000000	  0.875000	
  0.000000	  0.000000	  0.000000	  1.000000	
  1.000000	  0.000000	  0.000000	  0.000000	
  1.000000	  0.000000	  0.000000	  0.000000	
  0.000000	  0.000000	  0.000000	  1.000000	
  0.000000	  0.000000	  0.562500	  0.437500	
  0.937500	  0.000000	  0.062500	  0.000000	

URL http://pgfe.umassmed.edu/TFDBS/TFdetails.php?FlybaseID=FBgn0000095

MOTIF FBgn0000095_2 Antp_FlyReg

letter-probability matrix: alength= 4 w= 6 nsites= 12 E= 0
  0.666667	  0.000000	  0.000000	  0.333333	
  0.000000	  0.000000	  0.000000	  1.000000	
  0.916667	  0.000000	  0.083333	  0.000000	
  1.000000	  0.000000	  0.000000	  0.000000	
  0.000000	  0.000000	  0.250000	  0.750000	
  0.250000	  0.000000	  0.000000	  0.750000	

URL http://pgfe.umassmed.edu/TFDBS/TFdetails.php?FlybaseID=FBgn0000095

MOTIF FBgn0000095_3 Antp_SOLEXA

letter-probability matrix: alength= 4 w= 8 nsites= 1562 E= 0
  0.208707	  0.256722	  0.206146	  0.328425	
  0.140845	  0.195262	  0.085147	  0.578745	
  0.067862	  0.000000	  0.010243	  0.921895	
  0.793854	  0.048015	  0.009603	  0.148528	
  0.961588	  0.038412	  0.000000	  0.000000	
  0.000640	  0.074904	  0.037132	  0.887324	
  0.064661	  0.033291	  0.462228	  0.439821	
  0.580666	  0.013444	  0.361716	  0.044174	

URL http://pgfe.umassmed.edu/TFDBS/TFdetails.php?FlybaseID=FBgn0000095

MOTIF FBgn0000097 aop_SANGER_10

letter-probability matrix: alength= 4 w= 9 nsites= 19 E= 0
  0.526316	  0.157895	  0.315789	  0.000000	
  0.000000	  0.894737	  0.105263	  0.000000	
  0.000000	  1.000000	  0.000000	  0.000000	
  0.000000	  0.000000	  1.000000	  0.000000	
  0.000000	  0.000000	  1.000000	  0.000000	
  1.000000	  0.000000	  0.000000	  0.000000	
  0.947368	  0.000000	  0.000000	  0.052632	
  0.263158	  0.000000	  0.736842	  0.000000	
  0.052632	  0.315789	  0.000000	  0.631579	

URL http://pgfe.umassmed.edu/TFDBS/TFdetails.php?FlybaseID=FBgn0000097

MOTIF FBgn0000099 Ap_Cell

letter-probability matrix: alength= 4 w= 8 nsites= 19 E= 0
  0.263158	  0.210526	  0.473684	  0.052632	
  0.105263	  0.526316	  0.000000	  0.368421	
  0.052632	  0.000000	  0.000000	  0.947368	
  1.000000	  0.000000	  0.000000	  0.000000	
  1.000000	  0.000000	  0.000000	  0.000000	
  0.000000	  0.000000	  0.000000	  1.000000	
  0.000000	  0.000000	  0.315789	  0.684211	
  0.842105	  0.000000	  0.157895	  0.000000	

URL http://pgfe.umassmed.edu/TFDBS/TFdetails.php?FlybaseID=FBgn0000099

MOTIF FBgn0000099_2 ap_FlyReg

letter-probability matrix: alength= 4 w= 6 nsites= 12 E= 0
  0.083333	  0.333333	  0.166667	  0.416667	
  1.000000	  0.000000	  0.000000	  0.000000	
  1.000000	  0.000000	  0.000000	  0.000000	
  0.000000	  0.083333	  0.083333	  0.833333	
  0.333333	  0.250000	  0.083333	  0.333333	
  0.916667	  0.000000	  0.083333	  0.000000	

URL http://pgfe.umassmed.edu/TFDBS/TFdetails.php?FlybaseID=FBgn0000099

MOTIF FBgn0000099_3 Ap_SOLEXA

letter-probability matrix: alength= 4 w= 7 nsites= 3067 E= 0
  0.145419	  0.323117	  0.115096	  0.416368	
  0.043039	  0.023476	  0.000000	  0.933485	
  0.949136	  0.000000	  0.016629	  0.034235	
  0.987284	  0.000000	  0.012716	  0.000000	
  0.007825	  0.110205	  0.000000	  0.881969	
  0.115748	  0.058037	  0.295729	  0.530486	
  0.680470	  0.023150	  0.275840	  0.020541	

URL http://pgfe.umassmed.edu/TFDBS/TFdetails.php?FlybaseID=FBgn0000099

MOTIF FBgn0000137 ase_da_SANGER_10

letter-probability matrix: alength= 4 w= 7 nsites= 23 E= 0
  0.000000	  0.956522	  0.043478	  0.000000	
  1.000000	  0.000000	  0.000000	  0.000000	
  0.000000	  0.826087	  0.043478	  0.130435	
  0.000000	  1.000000	  0.000000	  0.000000	
  0.000000	  0.000000	  0.000000	  1.000000	
  0.000000	  0.000000	  1.000000	  0.000000	
  0.000000	  0.739130	  0.000000	  0.260870	

URL http://pgfe.umassmed.edu/TFDBS/TFdetails.php?FlybaseID=FBgn0000137

MOTIF FBgn0000157 Dll_Cell

letter-probability matrix: alength= 4 w= 7 nsites= 23 E= 0
  0.043478	  0.000000	  0.000000	  0.956522	
  0.913043	  0.000000	  0.086957	  0.000000	
  1.000000	  0.000000	  0.000000	  0.000000	
  0.000000	  0.000000	  0.000000	  1.000000	
  0.173913	  0.000000	  0.086957	  0.739130	
  0.478261	  0.000000	  0.347826	  0.173913	
  0.000000	  0.521739	  0.173913	  0.304348	

URL http://pgfe.umassmed.edu/TFDBS/TFdetails.php?FlybaseID=FBgn0000157

MOTIF FBgn0000157_2 Dll_SOLEXA

letter-probability matrix: alength= 4 w= 6 nsites= 1694 E= 0
  0.090909	  0.005903	  0.015348	  0.887839	
  0.921488	  0.078512	  0.000000	  0.000000	
  0.873672	  0.126328	  0.000000	  0.000000	
  0.000000	  0.000000	  0.047226	  0.952774	
  0.100354	  0.118654	  0.260331	  0.520661	
  0.448642	  0.060213	  0.381346	  0.109799	

URL http://pgfe.umassmed.edu/TFDBS/TFdetails.php?FlybaseID=FBgn0000157

MOTIF FBgn0000166 Bcd_Cell

letter-probability matrix: alength= 4 w= 8 nsites= 22 E= 0
  0.045455	  0.272727	  0.454545	  0.227273	
  0.136364	  0.227273	  0.136364	  0.500000	
  0.000000	  0.000000	  0.000000	  1.000000	
  0.909091	  0.000000	  0.000000	  0.090909	
  1.000000	  0.000000	  0.000000	  0.000000	
  0.000000	  0.000000	  0.045455	  0.954545	
  0.000000	  1.000000	  0.000000	  0.000000	
  0.000000	  0.954545	  0.000000	  0.045455	

URL http://pgfe.umassmed.edu/TFDBS/TFdetails.php?FlybaseID=FBgn0000166

MOTIF FBgn0000166_2 bcd_NAR

letter-probability matrix: alength= 4 w= 7 nsites= 19 E= 0
  0.105263	  0.315789	  0.105263	  0.473684	
  0.210526	  0.105263	  0.000000	  0.684211	
  0.947368	  0.000000	  0.000000	  0.052632	
  1.000000	  0.000000	  0.000000	  0.000000	
  0.052632	  0.000000	  0.263158	  0.684211	
  0.000000	  0.894737	  0.000000	  0.105263	
  0.000000	  0.473684	  0.000000	  0.526316	

URL http://pgfe.umassmed.edu/TFDBS/TFdetails.php?FlybaseID=FBgn0000166

MOTIF FBgn0000166_3 bcd_FlyReg

letter-probability matrix: alength= 4 w= 8 nsites= 48 E= 0
  0.187500	  0.375000	  0.062500	  0.375000	
  0.166667	  0.062500	  0.020833	  0.750000	
  0.937500	  0.020833	  0.020833	  0.020833	
  0.979167	  0.000000	  0.020833	  0.000000	
  0.020833	  0.000000	  0.333333	  0.645833	
  0.020833	  0.916667	  0.000000	  0.062500	
  0.041667	  0.541667	  0.062500	  0.354167	
  0.104167	  0.250000	  0.375000	  0.270833	

URL http://pgfe.umassmed.edu/TFDBS/TFdetails.php?FlybaseID=FBgn0000166

MOTIF FBgn0000166_4 Bcd_SOLEXA

letter-probability matrix: alength= 4 w= 7 nsites= 211 E= 0
  0.121495	  0.285047	  0.126168	  0.467290	
  0.102326	  0.013953	  0.004651	  0.879070	
  1.000000	  0.000000	  0.000000	  0.000000	
  0.986111	  0.013889	  0.000000	  0.000000	
  0.000000	  0.009259	  0.092593	  0.898148	
  0.004630	  0.875000	  0.013889	  0.106481	
  0.127072	  0.618785	  0.082873	  0.171271	

URL http://pgfe.umassmed.edu/TFDBS/TFdetails.php?FlybaseID=FBgn0000166

MOTIF FBgn0000210 br-Z1_FlyReg

letter-probability matrix: alength= 4 w= 8 nsites= 17 E= 0
  0.705882	  0.000000	  0.117647	  0.176471	
  0.705882	  0.117647	  0.176471	  0.000000	
  0.529412	  0.000000	  0.000000	  0.470588	
  0.000000	  0.176471	  0.000000	  0.823529	
  0.823529	  0.000000	  0.117647	  0.058824	
  0.058824	  0.235294	  0.529412	  0.176471	
  0.647059	  0.176471	  0.117647	  0.058824	
  0.941176	  0.058824	  0.000000	  0.000000	

URL http://pgfe.umassmed.edu/TFDBS/TFdetails.php?FlybaseID=FBgn0000210

MOTIF FBgn0000210_10 br-PA_SOLEXA

letter-probability matrix: alength= 4 w= 15 nsites= 2500 E= 0
  0.544000	  0.447200	  0.000000	  0.008800	
  0.928000	  0.072000	  0.000000	  0.000000	
  0.032800	  0.967200	  0.000000	  0.000000	
  0.000000	  0.000000	  0.000000	  1.000000	
  0.871200	  0.128000	  0.000000	  0.000800	
  0.032400	  0.086400	  0.098000	  0.783200	
  0.050000	  0.426400	  0.040400	  0.483200	
  0.180400	  0.201200	  0.330800	  0.287600	
  0.345738	  0.139656	  0.288916	  0.225690	
  0.247200	  0.197600	  0.254000	  0.301200	
  0.177200	  0.207600	  0.226000	  0.389200	
  0.104400	  0.150000	  0.208000	  0.537600	
  0.148000	  0.155200	  0.326800	  0.370000	
  0.189200	  0.189200	  0.258000	  0.363600	
  0.204400	  0.242000	  0.222400	  0.331200	

URL http://pgfe.umassmed.edu/TFDBS/TFdetails.php?FlybaseID=FBgn0000210

MOTIF FBgn0000210_11 br-PE_SOLEXA

letter-probability matrix: alength= 4 w= 15 nsites= 2883 E= 0
  0.327090	  0.178633	  0.277489	  0.216788	
  0.185224	  0.243843	  0.433576	  0.137357	
  0.023256	  0.730996	  0.031239	  0.214509	
  0.348595	  0.014915	  0.636490	  0.000000	
  0.015950	  0.001040	  0.000000	  0.983010	
  0.000000	  0.000000	  0.000000	  1.000000	
  0.917071	  0.009368	  0.000000	  0.073560	
  0.000000	  0.001040	  0.998960	  0.000000	
  0.685506	  0.067614	  0.173717	  0.073162	
  0.292751	  0.204301	  0.182102	  0.320846	
  0.372875	  0.109261	  0.434270	  0.083593	
  0.291609	  0.183773	  0.301664	  0.222954	
  0.210052	  0.163605	  0.178510	  0.447834	
  0.151978	  0.139486	  0.197432	  0.511103	
  0.150243	  0.182859	  0.310201	  0.356697	

URL http://pgfe.umassmed.edu/TFDBS/TFdetails.php?FlybaseID=FBgn0000210

MOTIF FBgn0000210_12 br-PL_SOLEXA

letter-probability matrix: alength= 4 w= 11 nsites= 2508 E= 0
  0.089314	  0.094896	  0.462520	  0.353270	
  0.400718	  0.094498	  0.297448	  0.207337	
  0.049860	  0.100120	  0.046270	  0.803750	
  0.000000	  1.000000	  0.000000	  0.000000	
  0.000000	  0.000000	  0.000000	  1.000000	
  0.999601	  0.000399	  0.000000	  0.000000	
  0.022337	  0.052653	  0.604707	  0.320303	
  0.038692	  0.147188	  0.465098	  0.349023	
  0.281898	  0.246810	  0.199362	  0.271930	
  0.176306	  0.200239	  0.325888	  0.297567	
  0.175369	  0.251495	  0.313671	  0.259466	

URL http://pgfe.umassmed.edu/TFDBS/TFdetails.php?FlybaseID=FBgn0000210

MOTIF FBgn0000210_2 br-Z2_FlyReg

letter-probability matrix: alength= 4 w= 8 nsites= 21 E= 0
  0.333333	  0.142857	  0.047619	  0.476190	
  0.000000	  0.714286	  0.190476	  0.095238	
  0.000000	  0.000000	  0.000000	  1.000000	
  1.000000	  0.000000	  0.000000	  0.000000	
  0.047619	  0.000000	  0.238095	  0.714286	
  0.095238	  0.238095	  0.238095	  0.428571	
  0.571429	  0.047619	  0.047619	  0.333333	
  0.523810	  0.190476	  0.047619	  0.238095	

URL http://pgfe.umassmed.edu/TFDBS/TFdetails.php?FlybaseID=FBgn0000210

MOTIF FBgn0000210_3 br-Z3_FlyReg

letter-probability matrix: alength= 4 w= 8 nsites= 16 E= 0
  0.437500	  0.187500	  0.187500	  0.187500	
  0.750000	  0.062500	  0.000000	  0.187500	
  0.625000	  0.000000	  0.375000	  0.000000	
  0.062500	  0.687500	  0.000000	  0.250000	
  0.000000	  0.000000	  0.062500	  0.937500	
  0.437500	  0.000000	  0.187500	  0.375000	
  0.000000	  0.000000	  0.625000	  0.375000	
  0.000000	  0.000000	  0.062500	  0.937500	

URL http://pgfe.umassmed.edu/TFDBS/TFdetails.php?FlybaseID=FBgn0000210

MOTIF FBgn0000210_4 br-Z4_FlyReg

letter-probability matrix: alength= 4 w= 6 nsites= 8 E= 0
  0.625000	  0.000000	  0.375000	  0.000000	
  0.250000	  0.625000	  0.000000	  0.125000	
  0.125000	  0.000000	  0.000000	  0.875000	
  1.000000	  0.000000	  0.000000	  0.000000	
  1.000000	  0.000000	  0.000000	  0.000000	
  0.125000	  0.000000	  0.000000	  0.875000	

URL http://pgfe.umassmed.edu/TFDBS/TFdetails.php?FlybaseID=FBgn0000210

MOTIF FBgn0000210_5 br_SANGER_10

letter-probability matrix: alength= 4 w= 7 nsites= 12 E= 0
  0.083333	  0.000000	  0.916667	  0.000000	
  1.000000	  0.000000	  0.000000	  0.000000	
  0.000000	  0.000000	  0.000000	  1.000000	
  0.000000	  0.000000	  0.000000	  1.000000	
  1.000000	  0.000000	  0.000000	  0.000000	
  0.000000	  0.083333	  0.916667	  0.000000	
  1.000000	  0.000000	  0.000000	  0.000000	

URL http://pgfe.umassmed.edu/TFDBS/TFdetails.php?FlybaseID=FBgn0000210

MOTIF FBgn0000210_6 br_SOLEXA_10

letter-probability matrix: alength= 4 w= 11 nsites= 359 E= 0
  0.263314	  0.257396	  0.349112	  0.130178	
  0.244318	  0.221591	  0.116477	  0.417614	
  0.024862	  0.002762	  0.950276	  0.022099	
  0.839779	  0.058011	  0.000000	  0.102210	
  0.011050	  0.011050	  0.002762	  0.975138	
  0.008287	  0.000000	  0.000000	  0.991713	
  1.000000	  0.000000	  0.000000	  0.000000	
  0.000000	  0.000000	  1.000000	  0.000000	
  0.889503	  0.002762	  0.102210	  0.005525	
  0.588889	  0.150000	  0.058333	  0.202778	
  0.433333	  0.088889	  0.347222	  0.130556	

URL http://pgfe.umassmed.edu/TFDBS/TFdetails.php?FlybaseID=FBgn0000210

MOTIF FBgn0000210_7 br-PE_SANGER_5

letter-probability matrix: alength= 4 w= 12 nsites= 10 E= 0
  0.500000	  0.000000	  0.500000	  0.000000	
  0.200000	  0.100000	  0.000000	  0.700000	
  0.200000	  0.300000	  0.000000	  0.500000	
  0.000000	  0.700000	  0.100000	  0.200000	
  0.300000	  0.200000	  0.300000	  0.200000	
  0.300000	  0.100000	  0.000000	  0.600000	
  0.000000	  1.000000	  0.000000	  0.000000	
  0.100000	  0.000000	  0.100000	  0.800000	
  1.000000	  0.000000	  0.000000	  0.000000	
  1.000000	  0.000000	  0.000000	  0.000000	
  0.100000	  0.500000	  0.000000	  0.400000	
  0.200000	  0.000000	  0.800000	  0.000000	

URL http://pgfe.umassmed.edu/TFDBS/TFdetails.php?FlybaseID=FBgn0000210

MOTIF FBgn0000210_8 br-PL_SANGER_5

letter-probability matrix: alength= 4 w= 9 nsites= 11 E= 0
  0.363636	  0.636364	  0.000000	  0.000000	
  0.545455	  0.454545	  0.000000	  0.000000	
  0.181818	  0.000000	  0.181818	  0.636364	
  1.000000	  0.000000	  0.000000	  0.000000	
  0.000000	  0.000000	  0.909091	  0.090909	
  1.000000	  0.000000	  0.000000	  0.000000	
  0.000000	  0.545455	  0.272727	  0.181818	
  0.000000	  0.727273	  0.181818	  0.090909	
  0.727273	  0.090909	  0.000000	  0.181818	

URL http://pgfe.umassmed.edu/TFDBS/TFdetails.php?FlybaseID=FBgn0000210

MOTIF FBgn0000210_9 br-PA_SANGER_5

letter-probability matrix: alength= 4 w= 7 nsites= 11 E= 0
  0.727273	  0.000000	  0.272727	  0.000000	
  0.909091	  0.090909	  0.000000	  0.000000	
  0.000000	  0.000000	  0.000000	  1.000000	
  1.000000	  0.000000	  0.000000	  0.000000	
  0.000000	  0.000000	  0.909091	  0.090909	
  0.000000	  0.000000	  0.000000	  1.000000	
  0.000000	  0.000000	  0.363636	  0.636364	

URL http://pgfe.umassmed.edu/TFDBS/TFdetails.php?FlybaseID=FBgn0000210

MOTIF FBgn0000233 btd_NAR

letter-probability matrix: alength= 4 w= 10 nsites= 29 E= 0
  0.482759	  0.103448	  0.241379	  0.172414	
  0.344828	  0.000000	  0.655172	  0.000000	
  0.137931	  0.000000	  0.620690	  0.241379	
  0.068966	  0.000000	  0.931034	  0.000000	
  0.000000	  0.000000	  1.000000	  0.000000	
  0.000000	  0.000000	  1.000000	  0.000000	
  0.068966	  0.931034	  0.000000	  0.000000	
  0.000000	  0.000000	  1.000000	  0.000000	
  0.000000	  0.000000	  0.689655	  0.310345	
  0.517241	  0.034483	  0.310345	  0.137931	

URL http://pgfe.umassmed.edu/TFDBS/TFdetails.php?FlybaseID=FBgn0000233

MOTIF FBgn0000251 Cad_Cell

letter-probability matrix: alength= 4 w= 8 nsites= 38 E= 0
  0.315789	  0.157895	  0.105263	  0.421053	
  0.078947	  0.078947	  0.078947	  0.763158	
  0.105263	  0.000000	  0.000000	  0.894737	
  0.315789	  0.000000	  0.052632	  0.631579	
  1.000000	  0.000000	  0.000000	  0.000000	
  0.000000	  0.000000	  0.000000	  1.000000	
  0.105263	  0.000000	  0.184211	  0.710526	
  0.578947	  0.000000	  0.394737	  0.026316	

URL http://pgfe.umassmed.edu/TFDBS/TFdetails.php?FlybaseID=FBgn0000251

MOTIF FBgn0000251_2 cad_FlyReg

letter-probability matrix: alength= 4 w= 9 nsites= 13 E= 0
  0.000000	  0.384615	  0.230769	  0.384615	
  0.153846	  0.000000	  0.230769	  0.615385	
  0.000000	  0.000000	  0.000000	  1.000000	
  0.076923	  0.000000	  0.000000	  0.923077	
  0.461538	  0.153846	  0.076923	  0.307692	
  0.000000	  0.307692	  0.230769	  0.461538	
  0.230769	  0.076923	  0.692308	  0.000000	
  0.538462	  0.230769	  0.153846	  0.076923	
  0.000000	  0.307692	  0.000000	  0.692308	

URL http://pgfe.umassmed.edu/TFDBS/TFdetails.php?FlybaseID=FBgn0000251

MOTIF FBgn0000251_3 Cad_SOLEXA

letter-probability matrix: alength= 4 w= 8 nsites= 1420 E= 0
  0.243662	  0.173239	  0.218310	  0.364789	
  0.090141	  0.095070	  0.081690	  0.733099	
  0.126761	  0.010563	  0.004225	  0.858451	
  0.449296	  0.007042	  0.035915	  0.507746	
  1.000000	  0.000000	  0.000000	  0.000000	
  0.000000	  0.084507	  0.023239	  0.892254	
  0.144366	  0.011972	  0.279577	  0.564085	
  0.570423	  0.015493	  0.393662	  0.020423	

URL http://pgfe.umassmed.edu/TFDBS/TFdetails.php?FlybaseID=FBgn0000251

MOTIF FBgn0000286 Cf2-II_FlyReg

letter-probability matrix: alength= 4 w= 8 nsites= 3 E= 0
  0.333333	  0.000000	  0.666667	  0.000000	
  0.333333	  0.333333	  0.000000	  0.333333	
  0.000000	  0.000000	  1.000000	  0.000000	
  0.000000	  0.000000	  0.000000	  1.000000	
  1.000000	  0.000000	  0.000000	  0.000000	
  0.000000	  0.000000	  0.000000	  1.000000	
  1.000000	  0.000000	  0.000000	  0.000000	
  0.666667	  0.000000	  0.000000	  0.333333	

URL http://pgfe.umassmed.edu/TFDBS/TFdetails.php?FlybaseID=FBgn0000286

MOTIF FBgn0000286_2 Cf2-PB_SANGER_5

letter-probability matrix: alength= 4 w= 15 nsites= 12 E= 0
  0.000000	  1.000000	  0.000000	  0.000000	
  0.111111	  0.333333	  0.444444	  0.111111	
  0.181818	  0.272727	  0.545455	  0.000000	
  0.250000	  0.250000	  0.083333	  0.416667	
  0.166667	  0.250000	  0.333333	  0.250000	
  0.000000	  0.000000	  0.583333	  0.416667	
  0.416667	  0.000000	  0.333333	  0.250000	
  0.000000	  0.000000	  0.000000	  1.000000	
  0.916667	  0.000000	  0.083333	  0.000000	
  0.166667	  0.500000	  0.166667	  0.166667	
  0.666667	  0.083333	  0.250000	  0.000000	
  0.000000	  0.000000	  0.000000	  1.000000	
  1.000000	  0.000000	  0.000000	  0.000000	
  0.000000	  0.083333	  0.000000	  0.916667	
  0.666667	  0.000000	  0.083333	  0.250000	

URL http://pgfe.umassmed.edu/TFDBS/TFdetails.php?FlybaseID=FBgn0000286

MOTIF FBgn0000286_3 Cf2-PA_SANGER_2.5

letter-probability matrix: alength= 4 w= 9 nsites= 8 E= 0
  0.000000	  0.125000	  0.000000	  0.875000	
  0.875000	  0.000000	  0.000000	  0.125000	
  0.250000	  0.000000	  0.250000	  0.500000	
  0.125000	  0.500000	  0.375000	  0.000000	
  0.000000	  0.375000	  0.000000	  0.625000	
  0.000000	  0.000000	  1.000000	  0.000000	
  0.875000	  0.125000	  0.000000	  0.000000	
  1.000000	  0.000000	  0.000000	  0.000000	
  1.000000	  0.000000	  0.000000	  0.000000	

URL http://pgfe.umassmed.edu/TFDBS/TFdetails.php?FlybaseID=FBgn0000286

MOTIF FBgn0000286_4 Cf2-PA_SOLEXA

letter-probability matrix: alength= 4 w= 10 nsites= 650 E= 0
  0.493846	  0.135385	  0.221538	  0.149231	
  0.000000	  0.306154	  0.000000	  0.693846	
  0.536210	  0.261941	  0.110940	  0.090909	
  0.000000	  0.078582	  0.103236	  0.818182	
  0.881356	  0.109399	  0.009245	  0.000000	
  0.124807	  0.081664	  0.563945	  0.229584	
  0.000000	  0.000000	  0.000000	  1.000000	
  1.000000	  0.000000	  0.000000	  0.000000	
  0.000000	  0.000000	  0.000000	  1.000000	
  0.614792	  0.160247	  0.038521	  0.186441	

URL http://pgfe.umassmed.edu/TFDBS/TFdetails.php?FlybaseID=FBgn0000286

MOTIF FBgn0000286_5 Cf2-PB_SOLEXA

letter-probability matrix: alength= 4 w= 11 nsites= 2670 E= 0
  0.455056	  0.320599	  0.155431	  0.068914	
  0.106327	  0.020592	  0.107450	  0.765631	
  0.988394	  0.011606	  0.000000	  0.000000	
  0.000000	  0.000000	  0.035193	  0.964807	
  1.000000	  0.000000	  0.000000	  0.000000	
  0.056533	  0.197679	  0.128042	  0.617746	
  0.269288	  0.091011	  0.639700	  0.000000	
  0.008996	  0.291979	  0.038606	  0.660420	
  0.748970	  0.029974	  0.164106	  0.056950	
  0.267141	  0.396028	  0.142750	  0.194080	
  0.320105	  0.286784	  0.247098	  0.146013	

URL http://pgfe.umassmed.edu/TFDBS/TFdetails.php?FlybaseID=FBgn0000286

MOTIF FBgn0000287 salr-F3-5_SOLEXA

letter-probability matrix: alength= 4 w= 15 nsites= 479 E= 0
  0.394572	  0.010438	  0.056367	  0.538622	
  0.092050	  0.098326	  0.014644	  0.794979	
  0.000000	  0.006263	  0.016701	  0.977035	
  0.263048	  0.542797	  0.194154	  0.000000	
  0.075157	  0.000000	  0.881002	  0.043841	
  0.000000	  0.000000	  0.983299	  0.016701	
  0.943750	  0.006250	  0.006250	  0.043750	
  0.248434	  0.162839	  0.187891	  0.400835	
  0.211297	  0.112971	  0.100418	  0.575314	
  0.323591	  0.150313	  0.031315	  0.494781	
  0.300626	  0.118998	  0.194154	  0.386221	
  0.081590	  0.207113	  0.066946	  0.644351	
  0.010417	  0.566667	  0.291667	  0.131250	
  0.035491	  0.390397	  0.256785	  0.317328	
  0.002096	  0.425577	  0.276730	  0.295597	

URL http://pgfe.umassmed.edu/TFDBS/TFdetails.php?FlybaseID=FBgn0000287

MOTIF FBgn0000370 Crc_CG6272_SANGER_5

letter-probability matrix: alength= 4 w= 11 nsites= 17 E= 0
  0.705882	  0.176471	  0.117647	  0.000000	
  0.000000	  0.000000	  0.000000	  1.000000	
  0.000000	  0.000000	  0.000000	  1.000000	
  0.764706	  0.000000	  0.235294	  0.000000	
  0.000000	  1.000000	  0.000000	  0.000000	
  0.470588	  0.000000	  0.529412	  0.000000	
  0.058824	  0.000000	  0.000000	  0.941176	
  0.176471	  0.823529	  0.000000	  0.000000	
  1.000000	  0.000000	  0.000000	  0.000000	
  0.000000	  0.352941	  0.352941	  0.294118	
  0.235294	  0.588235	  0.058824	  0.117647	

URL http://pgfe.umassmed.edu/TFDBS/TFdetails.php?FlybaseID=FBgn0000370

MOTIF FBgn0000411 D_NAR

letter-probability matrix: alength= 4 w= 11 nsites= 34 E= 0
  0.588235	  0.058824	  0.029412	  0.323529	
  0.264706	  0.176471	  0.323529	  0.235294	
  0.647059	  0.088235	  0.235294	  0.029412	
  1.000000	  0.000000	  0.000000	  0.000000	
  0.000000	  1.000000	  0.000000	  0.000000	
  0.911765	  0.088235	  0.000000	  0.000000	
  0.882353	  0.000000	  0.117647	  0.000000	
  0.235294	  0.000000	  0.000000	  0.764706	
  0.352941	  0.000000	  0.529412	  0.117647	
  0.147059	  0.029412	  0.823529	  0.000000	
  0.470588	  0.264706	  0.235294	  0.029412	

URL http://pgfe.umassmed.edu/TFDBS/TFdetails.php?FlybaseID=FBgn0000411

MOTIF FBgn0000413 ac_da_SANGER_5

letter-probability matrix: alength= 4 w= 8 nsites= 19 E= 0
  0.526316	  0.052632	  0.368421	  0.052632	
  0.000000	  1.000000	  0.000000	  0.000000	
  1.000000	  0.000000	  0.000000	  0.000000	
  0.000000	  0.947368	  0.052632	  0.000000	
  0.000000	  1.000000	  0.000000	  0.000000	
  0.000000	  0.000000	  0.000000	  1.000000	
  0.000000	  0.000000	  1.000000	  0.000000	
  0.000000	  0.789474	  0.000000	  0.210526	

URL http://pgfe.umassmed.edu/TFDBS/TFdetails.php?FlybaseID=FBgn0000413

MOTIF FBgn0000413_10 Fer3_da_SANGER_5

letter-probability matrix: alength= 4 w= 10 nsites= 19 E= 0
  0.105263	  0.894737	  0.000000	  0.000000	
  0.947368	  0.000000	  0.052632	  0.000000	
  0.052632	  0.263158	  0.421053	  0.263158	
  0.157895	  0.789474	  0.052632	  0.000000	
  0.000000	  0.052632	  0.000000	  0.947368	
  0.000000	  0.000000	  1.000000	  0.000000	
  0.157895	  0.105263	  0.000000	  0.736842	
  0.000000	  0.368421	  0.210526	  0.421053	
  0.578947	  0.210526	  0.105263	  0.105263	
  0.157895	  0.789474	  0.000000	  0.052632	

URL http://pgfe.umassmed.edu/TFDBS/TFdetails.php?FlybaseID=FBgn0000413

MOTIF FBgn0000413_11 HLH4C_da_SANGER_5

letter-probability matrix: alength= 4 w= 15 nsites= 23 E= 0
  0.391304	  0.391304	  0.217391	  0.000000	
  0.521739	  0.130435	  0.217391	  0.130435	
  0.478261	  0.260870	  0.086957	  0.173913	
  0.478261	  0.260870	  0.043478	  0.217391	
  0.434783	  0.260870	  0.304348	  0.000000	
  0.000000	  1.000000	  0.000000	  0.000000	
  1.000000	  0.000000	  0.000000	  0.000000	
  0.000000	  0.913043	  0.043478	  0.043478	
  0.043478	  0.956522	  0.000000	  0.000000	
  0.000000	  0.000000	  0.000000	  1.000000	
  0.000000	  0.043478	  0.956522	  0.000000	
  0.391304	  0.434783	  0.043478	  0.130435	
  0.086957	  0.173913	  0.478261	  0.260870	
  0.217391	  0.434783	  0.217391	  0.130435	
  0.130435	  0.739130	  0.086957	  0.043478	

URL http://pgfe.umassmed.edu/TFDBS/TFdetails.php?FlybaseID=FBgn0000413

MOTIF FBgn0000413_12 HLH54F_da_SANGER_5

letter-probability matrix: alength= 4 w= 11 nsites= 24 E= 0
  0.500000	  0.416667	  0.041667	  0.041667	
  0.500000	  0.416667	  0.083333	  0.000000	
  0.000000	  0.958333	  0.000000	  0.041667	
  1.000000	  0.000000	  0.000000	  0.000000	
  0.000000	  1.000000	  0.000000	  0.000000	
  0.000000	  0.958333	  0.000000	  0.041667	
  0.000000	  0.041667	  0.083333	  0.875000	
  0.000000	  0.000000	  1.000000	  0.000000	
  0.000000	  0.416667	  0.041667	  0.541667	
  0.000000	  0.260870	  0.130435	  0.608696	
  0.304348	  0.304348	  0.391304	  0.000000	

URL http://pgfe.umassmed.edu/TFDBS/TFdetails.php?FlybaseID=FBgn0000413

MOTIF FBgn0000413_13 l(1)sc_da_SANGER_5

letter-probability matrix: alength= 4 w= 7 nsites= 23 E= 0
  0.173913	  0.000000	  0.826087	  0.000000	
  0.000000	  1.000000	  0.000000	  0.000000	
  0.913043	  0.000000	  0.043478	  0.043478	
  0.043478	  0.000000	  0.956522	  0.000000	
  0.000000	  0.000000	  0.956522	  0.043478	
  0.000000	  0.000000	  0.000000	  1.000000	
  0.043478	  0.000000	  0.956522	  0.000000	

URL http://pgfe.umassmed.edu/TFDBS/TFdetails.php?FlybaseID=FBgn0000413

MOTIF FBgn0000413_14 nau_da_SANGER_5

letter-probability matrix: alength= 4 w= 8 nsites= 21 E= 0
  0.000000	  0.941176	  0.058824	  0.000000	
  1.000000	  0.000000	  0.000000	  0.000000	
  0.000000	  1.000000	  0.000000	  0.000000	
  0.000000	  1.000000	  0.000000	  0.000000	
  0.000000	  0.000000	  0.000000	  1.000000	
  0.000000	  0.000000	  1.000000	  0.000000	
  0.000000	  0.409091	  0.000000	  0.590909	
  0.045455	  0.636364	  0.045455	  0.272727	

URL http://pgfe.umassmed.edu/TFDBS/TFdetails.php?FlybaseID=FBgn0000413

MOTIF FBgn0000413_15 net_da_SANGER_10

letter-probability matrix: alength= 4 w= 9 nsites= 22 E= 0
  0.454545	  0.181818	  0.318182	  0.045455	
  0.272727	  0.590909	  0.136364	  0.000000	
  0.000000	  1.000000	  0.000000	  0.000000	
  1.000000	  0.000000	  0.000000	  0.000000	
  0.000000	  0.636364	  0.090909	  0.272727	
  0.000000	  1.000000	  0.000000	  0.000000	
  0.000000	  0.045455	  0.000000	  0.954545	
  0.000000	  0.000000	  1.000000	  0.000000	
  0.045455	  0.181818	  0.318182	  0.454545	

URL http://pgfe.umassmed.edu/TFDBS/TFdetails.php?FlybaseID=FBgn0000413

MOTIF FBgn0000413_16 sage_da_SANGER_5

letter-probability matrix: alength= 4 w= 11 nsites= 23 E= 0
  0.521739	  0.000000	  0.260870	  0.217391	
  0.739130	  0.130435	  0.130435	  0.000000	
  0.913043	  0.086957	  0.000000	  0.000000	
  0.695652	  0.260870	  0.043478	  0.000000	
  0.000000	  1.000000	  0.000000	  0.000000	
  1.000000	  0.000000	  0.000000	  0.000000	
  0.000000	  0.434783	  0.391304	  0.173913	
  0.217391	  0.782609	  0.000000	  0.000000	
  0.043478	  0.043478	  0.000000	  0.913043	
  0.000000	  0.000000	  1.000000	  0.000000	
  0.000000	  0.227273	  0.090909	  0.681818	

URL http://pgfe.umassmed.edu/TFDBS/TFdetails.php?FlybaseID=FBgn0000413

MOTIF FBgn0000413_17 sc_da_SANGER_10

letter-probability matrix: alength= 4 w= 8 nsites= 24 E= 0
  0.478261	  0.217391	  0.304348	  0.000000	
  0.000000	  1.000000	  0.000000	  0.000000	
  1.000000	  0.000000	  0.000000	  0.000000	
  0.000000	  0.875000	  0.041667	  0.083333	
  0.000000	  1.000000	  0.000000	  0.000000	
  0.000000	  0.000000	  0.000000	  1.000000	
  0.000000	  0.000000	  1.000000	  0.000000	
  0.000000	  0.666667	  0.041667	  0.291667	

URL http://pgfe.umassmed.edu/TFDBS/TFdetails.php?FlybaseID=FBgn0000413

MOTIF FBgn0000413_18 tap_da_SANGER_5

letter-probability matrix: alength= 4 w= 11 nsites= 17 E= 0
  0.352941	  0.000000	  0.647059	  0.000000	
  0.000000	  0.235294	  0.176471	  0.588235	
  0.411765	  0.000000	  0.588235	  0.000000	
  0.705882	  0.176471	  0.117647	  0.000000	
  0.000000	  1.000000	  0.000000	  0.000000	
  1.000000	  0.000000	  0.000000	  0.000000	
  0.000000	  0.000000	  0.352941	  0.647059	
  0.705882	  0.176471	  0.117647	  0.000000	
  0.000000	  0.000000	  0.000000	  1.000000	
  0.000000	  0.000000	  1.000000	  0.000000	
  0.000000	  0.133333	  0.533333	  0.333333	

URL http://pgfe.umassmed.edu/TFDBS/TFdetails.php?FlybaseID=FBgn0000413

MOTIF FBgn0000413_19 twi_da_SANGER_5

letter-probability matrix: alength= 4 w= 10 nsites= 23 E= 0
  0.521739	  0.173913	  0.304348	  0.000000	
  0.043478	  0.826087	  0.086957	  0.043478	
  0.000000	  0.956522	  0.000000	  0.043478	
  1.000000	  0.000000	  0.000000	  0.000000	
  0.000000	  0.130435	  0.695652	  0.173913	
  0.956522	  0.000000	  0.043478	  0.000000	
  0.000000	  0.000000	  0.000000	  1.000000	
  0.000000	  0.043478	  0.956522	  0.000000	
  0.000000	  0.086957	  0.173913	  0.739130	
  0.000000	  0.318182	  0.318182	  0.363636	

URL http://pgfe.umassmed.edu/TFDBS/TFdetails.php?FlybaseID=FBgn0000413

MOTIF FBgn0000413_2 amos_da_SANGER_10

letter-probability matrix: alength= 4 w= 11 nsites= 23 E= 0
  0.565217	  0.043478	  0.347826	  0.043478	
  0.304348	  0.565217	  0.000000	  0.130435	
  0.000000	  1.000000	  0.000000	  0.000000	
  1.000000	  0.000000	  0.000000	  0.000000	
  0.000000	  0.304348	  0.043478	  0.652174	
  0.304348	  0.695652	  0.000000	  0.000000	
  0.000000	  0.000000	  0.000000	  1.000000	
  0.000000	  0.000000	  1.000000	  0.000000	
  0.086957	  0.391304	  0.260870	  0.260870	
  0.086957	  0.565217	  0.130435	  0.217391	
  0.260870	  0.304348	  0.434783	  0.000000	

URL http://pgfe.umassmed.edu/TFDBS/TFdetails.php?FlybaseID=FBgn0000413

MOTIF FBgn0000413_20 da_SANGER_10

letter-probability matrix: alength= 4 w= 11 nsites= 23 E= 0
  0.130435	  0.434783	  0.043478	  0.391304	
  0.260870	  0.000000	  0.739130	  0.000000	
  0.000000	  1.000000	  0.000000	  0.000000	
  1.000000	  0.000000	  0.000000	  0.000000	
  0.000000	  0.347826	  0.652174	  0.000000	
  0.000000	  0.130435	  0.869565	  0.000000	
  0.000000	  0.000000	  0.000000	  1.000000	
  0.000000	  0.000000	  1.000000	  0.000000	
  0.000000	  0.173913	  0.173913	  0.652174	
  0.043478	  0.347826	  0.521739	  0.086957	
  0.086957	  0.608696	  0.000000	  0.304348	

URL http://pgfe.umassmed.edu/TFDBS/TFdetails.php?FlybaseID=FBgn0000413

MOTIF FBgn0000413_21 ato_da_SANGER_5_2

letter-probability matrix: alength= 4 w= 9 nsites= 22 E= 0
  0.090909	  0.090909	  0.818182	  0.000000	
  0.363636	  0.363636	  0.045455	  0.227273	
  0.000000	  1.000000	  0.000000	  0.000000	
  1.000000	  0.000000	  0.000000	  0.000000	
  0.000000	  0.000000	  0.590909	  0.409091	
  0.409091	  0.136364	  0.363636	  0.090909	
  0.000000	  0.000000	  0.000000	  1.000000	
  0.000000	  0.000000	  1.000000	  0.000000	
  0.045455	  0.227273	  0.272727	  0.454545	

URL http://pgfe.umassmed.edu/TFDBS/TFdetails.php?FlybaseID=FBgn0000413

MOTIF FBgn0000413_22 ato_da_SANGER_5_3

letter-probability matrix: alength= 4 w= 9 nsites= 19 E= 0
  0.368421	  0.473684	  0.157895	  0.000000	
  0.000000	  1.000000	  0.000000	  0.000000	
  0.947368	  0.000000	  0.052632	  0.000000	
  0.000000	  0.526316	  0.052632	  0.421053	
  0.368421	  0.631579	  0.000000	  0.000000	
  0.052632	  0.000000	  0.000000	  0.947368	
  0.000000	  0.000000	  1.000000	  0.000000	
  0.315789	  0.368421	  0.157895	  0.157895	
  0.157895	  0.736842	  0.052632	  0.052632	

URL http://pgfe.umassmed.edu/TFDBS/TFdetails.php?FlybaseID=FBgn0000413

MOTIF FBgn0000413_23 Fer2_da_SANGER_5

letter-probability matrix: alength= 4 w= 10 nsites= 20 E= 0
  0.350000	  0.500000	  0.150000	  0.000000	
  0.000000	  1.000000	  0.000000	  0.000000	
  1.000000	  0.000000	  0.000000	  0.000000	
  0.000000	  0.200000	  0.600000	  0.200000	
  0.100000	  0.550000	  0.350000	  0.000000	
  0.000000	  0.000000	  0.000000	  1.000000	
  0.000000	  0.000000	  1.000000	  0.000000	
  0.850000	  0.000000	  0.000000	  0.150000	
  0.000000	  0.950000	  0.000000	  0.050000	
  0.450000	  0.000000	  0.500000	  0.050000	

URL http://pgfe.umassmed.edu/TFDBS/TFdetails.php?FlybaseID=FBgn0000413

MOTIF FBgn0000413_24 Hand_da_SANGER_5

letter-probability matrix: alength= 4 w= 9 nsites= 12 E= 0
  0.000000	  1.000000	  0.000000	  0.000000	
  1.000000	  0.000000	  0.000000	  0.000000	
  0.000000	  0.500000	  0.416667	  0.083333	
  1.000000	  0.000000	  0.000000	  0.000000	
  0.000000	  0.000000	  0.000000	  1.000000	
  0.000000	  0.000000	  0.916667	  0.083333	
  0.000000	  0.166667	  0.833333	  0.000000	
  0.000000	  0.916667	  0.000000	  0.083333	
  0.083333	  0.666667	  0.166667	  0.083333	

URL http://pgfe.umassmed.edu/TFDBS/TFdetails.php?FlybaseID=FBgn0000413

MOTIF FBgn0000413_25 HLH4C_da_SANGER_5_3

letter-probability matrix: alength= 4 w= 10 nsites= 12 E= 0
  0.000000	  1.000000	  0.000000	  0.000000	
  1.000000	  0.000000	  0.000000	  0.000000	
  0.000000	  1.000000	  0.000000	  0.000000	
  0.000000	  1.000000	  0.000000	  0.000000	
  0.000000	  0.000000	  0.000000	  1.000000	
  0.000000	  0.000000	  1.000000	  0.000000	
  0.333333	  0.666667	  0.000000	  0.000000	
  0.250000	  0.083333	  0.333333	  0.333333	
